1 0.805156 0.146051 0.837067 0.128535 0.852478 0.359873
0 0.104144 0.690212 0.127122 0.698811 0.125933 0.625499 0.119544 0.623694 0.101778 0.640892 0.099889 0.677537
0 0.216411 0.721444 0.219256 0.703800 0.216878 0.678450 0.203856 0.647686 0.192967 0.643609 0.182067 0.653100 0.178044 0.673928 0.179933 0.695202 0.184678 0.709214
0 0.277278 0.438599 0.273489 0.445372 0.281778 0.516879 0.292667 0.514628 0.297167 0.503758 0.300256 0.463928 0.291967 0.443121
0 0.411333 0.720085 0.447333 0.725966 0.465567 0.717813 0.469833 0.674841 0.471489 0.597452 0.475989 0.535435 0.454200 0.532718 0.432644 0.548110 0.416067 0.571656 0.405878 0.598344 0.398300 0.637728 0.399011 0.684777
0 0.568122 0.338132 0.560300 0.357134 0.577589 0.501507 0.591567 0.501507 0.603167 0.481592 0.611456 0.456688 0.612167 0.389724 0.603878 0.359851 0.595833 0.343100 0.581378 0.335860
0 0.840156 0.939023 0.923233 0.932972 0.934644 0.912972 0.957156 0.906306 0.960322 0.813609 0.954933 0.633673 0.954933 0.513715 0.926400 0.513715 0.890256 0.532505 0.858233 0.565817 0.835400 0.604586 0.815433 0.663970 0.800844 0.745159 0.803378 0.835414 0.822089 0.910552
1 0.225033 0.134586 0.225522 0.199342 0.387589 0.201210 0.387589 0.133652
1 0.199633 0.527686 0.235289 0.340340 0.221700 0.332229 0.186467 0.516348
1 0.240800 0.337898 0.230611 0.341146 0.239956 0.534989 0.254811 0.528514
1 0.075500 0.482527 0.085322 0.490340 0.109267 0.395690 0.098011 0.389045
1 0.135067 0.448493 0.129744 0.449660 0.136089 0.569745 0.142022 0.567389
1 0.115211 0.306115 0.120533 0.351104 0.130356 0.349533 0.126267 0.301805
1 0.401033 0.302463 0.415333 0.480510 0.432944 0.481210 0.421578 0.297537
1 0.762522 0.037304 0.794078 0.032293 0.847267 0.436815 0.806578 0.443100