0 0.272043 0.038582 0.256208 0.046848 0.243765 0.062001 0.239239 0.082660 0.243765 0.103319 0.255075 0.119852 0.272043 0.123983 0.290137 0.123983 0.304843 0.111585 0.313890 0.093677 0.315024 0.073018 0.307106 0.053734 0.292400 0.041337
0 0.335384 0.129494 0.318416 0.136380 0.311631 0.155664 0.310498 0.176323 0.320678 0.194231 0.336514 0.202493 0.353482 0.196987 0.365922 0.181834 0.368184 0.161170 0.359137 0.143266 0.345561 0.129494
0 0.195125 0.333348 0.178161 0.337479 0.161192 0.338859 0.144227 0.344370 0.128392 0.355387 0.114820 0.369160 0.104639 0.387068 0.097851 0.406351 0.095592 0.427011 0.095592 0.449050 0.095592 0.471089 0.095592 0.493128 0.095592 0.515167 0.102376 0.534451 0.114820 0.549604 0.129522 0.562001 0.146490 0.568887 0.163455 0.573018 0.180424 0.578529 0.197388 0.581285 0.214357 0.582660 0.231322 0.581285 0.247157 0.570263 0.261863 0.559245 0.274302 0.544093 0.283353 0.526184 0.287878 0.505525 0.293533 0.484862 0.298055 0.464202 0.299188 0.443543 0.298055 0.422880 0.292400 0.402221 0.282220 0.384312 0.269780 0.369160 0.256208 0.355387 0.241502 0.342989 0.224537 0.336103 0.207569 0.331972
0 0.337647 0.818195 0.320678 0.826461 0.305973 0.838859 0.301451 0.859518 0.302580 0.881557 0.310498 0.900840 0.325204 0.914618 0.342169 0.917369 0.359137 0.915993 0.372710 0.902221 0.382890 0.884312 0.385153 0.863653 0.379494 0.842989 0.365922 0.827837 0.350086 0.818195
0 0.495478 0.143730 0.485325 0.145382 0.476529 0.151972 0.469761 0.161862 0.465024 0.173400 0.462992 0.185764 0.466376 0.198128 0.474498 0.206371 0.484651 0.211313 0.494804 0.213787 0.504953 0.212139 0.513753 0.204723 0.519843 0.194007 0.521875 0.181643 0.522553 0.169284 0.517812 0.157741 0.509690 0.149503 0.500216 0.143730
0 0.559910 0.146122 0.560588 0.145296 0.549757 0.147770 0.540961 0.155186 0.534192 0.165076 0.532839 0.177440 0.535545 0.189804 0.540282 0.201342 0.548404 0.209585 0.558557 0.213706 0.568710 0.214527 0.578859 0.211232 0.587659 0.202989 0.593075 0.192278 0.592396 0.179088 0.587659 0.167550 0.582243 0.156839 0.573447 0.149417
0 0.628808 0.143730 0.618655 0.148677 0.609859 0.155272 0.604443 0.165984 0.603769 0.178348 0.604443 0.190712 0.609859 0.201423 0.618655 0.208018 0.628133 0.212961 0.638961 0.212961 0.648435 0.207192 0.655204 0.197302 0.658588 0.184943 0.658588 0.171753 0.654525 0.160215 0.647757 0.150325 0.638282 0.145382
0 0.701224 0.146203 0.691075 0.147851 0.680922 0.151972 0.672122 0.158567 0.669416 0.170931 0.670094 0.183290 0.674153 0.195654 0.680243 0.206371 0.690396 0.210492 0.700549 0.212139 0.710702 0.211313 0.719498 0.204723 0.726267 0.194007 0.727620 0.181643 0.724914 0.169284 0.719498 0.158567 0.711376 0.150325
0 0.766875 0.145382 0.756722 0.148677 0.747925 0.156094 0.742510 0.166810 0.739125 0.179174 0.741157 0.191533 0.747925 0.202249 0.756722 0.209666 0.766875 0.212961 0.777027 0.213787 0.787180 0.211313 0.793945 0.201423 0.796655 0.189064 0.796655 0.175874 0.793271 0.163510 0.786502 0.153620 0.777027 0.147030
0 0.832525 0.145382 0.822373 0.149503 0.814251 0.157741 0.809514 0.169284 0.808161 0.181643 0.809514 0.190712 0.812220 0.203071 0.821020 0.209666 0.831169 0.213787 0.841322 0.212961 0.850796 0.208018 0.858918 0.199776 0.862980 0.188238 0.863655 0.175874 0.862302 0.163510 0.854859 0.154446 0.846059 0.147030 0.835910 0.144556
0 0.494125 0.224503 0.483973 0.226151 0.474498 0.231920 0.466376 0.240984 0.464345 0.253348 0.465702 0.265712 0.471114 0.277249 0.479235 0.285492 0.489388 0.289613 0.499541 0.292082 0.509016 0.287139 0.516459 0.278075 0.522553 0.267359 0.523906 0.254995 0.520522 0.242631 0.513075 0.233567 0.504278 0.226972
0 0.561804 0.222851 0.551655 0.225325 0.542855 0.231920 0.536086 0.241810 0.533380 0.254174 0.534055 0.266533 0.538796 0.278075 0.546918 0.286313 0.557067 0.290435 0.567220 0.292908 0.577373 0.292082 0.584141 0.282192 0.588878 0.270654 0.590906 0.258295 0.588200 0.245931 0.581431 0.236041 0.573310 0.227798 0.563835 0.222851
0 0.630839 0.222851 0.620686 0.225325 0.611890 0.231920 0.605796 0.242631 0.604443 0.254995 0.604443 0.268185 0.609180 0.279723 0.617980 0.286313 0.627455 0.291261 0.637608 0.290435 0.647082 0.285492 0.653851 0.275602 0.657235 0.263238 0.657235 0.250053 0.652494 0.238515 0.645729 0.228625 0.635576 0.224503 0.634224 0.223677
0 0.696486 0.223677 0.686337 0.227798 0.677537 0.236041 0.673478 0.247579 0.672122 0.259943 0.675506 0.272302 0.682275 0.282192 0.691075 0.289613 0.701224 0.290435 0.711376 0.286313 0.719498 0.277249 0.724914 0.266533 0.726267 0.254174 0.725588 0.241810 0.718145 0.232741 0.708671 0.226972
0 0.768227 0.221203 0.758075 0.223677 0.748600 0.229446 0.741157 0.238515 0.737094 0.250053 0.737773 0.262412 0.742510 0.273954 0.746573 0.285492 0.756047 0.291261 0.766196 0.292082 0.776349 0.290435 0.785149 0.283844 0.791918 0.273128 0.795302 0.260764 0.795976 0.248405 0.791918 0.236862 0.784471 0.227798 0.774318 0.223677
0 0.835231 0.221203 0.825078 0.225325 0.815604 0.230272 0.810867 0.241810 0.807482 0.254174 0.808161 0.266533 0.811545 0.278897 0.819667 0.287139 0.829816 0.291261 0.839969 0.292082 0.848769 0.285492 0.856890 0.277249 0.863655 0.267359 0.864333 0.254995 0.861627 0.242631 0.854180 0.232741 0.845384 0.226151 0.838616 0.223677
0 0.495478 0.300325 0.484651 0.300325 0.475851 0.306920 0.469761 0.317636 0.466376 0.329995 0.467055 0.342359 0.471114 0.353897 0.479235 0.362139 0.488710 0.367087 0.498863 0.367908 0.509016 0.363787 0.516459 0.354723 0.521196 0.343185 0.521875 0.330821 0.517812 0.319284 0.511047 0.309394 0.502247 0.302798
0 0.564514 0.300325 0.554361 0.303625 0.544886 0.309394 0.536765 0.317636 0.535412 0.329995 0.537439 0.342359 0.540824 0.354723 0.547592 0.364613 0.557745 0.369556 0.567898 0.370382 0.578047 0.366261 0.584816 0.356371 0.590231 0.345654 0.591584 0.333295 0.589553 0.320931 0.583463 0.310215 0.574663 0.303625
0 0.630839 0.300325 0.620686 0.302798 0.611890 0.309394 0.603769 0.317636 0.600384 0.329995 0.601737 0.342359 0.607149 0.353075 0.615949 0.360492 0.624749 0.367908 0.635576 0.367908 0.645729 0.363787 0.653173 0.353897 0.656557 0.341533 0.657910 0.329174 0.653851 0.317636 0.646404 0.308567 0.637608 0.301972
0 0.700549 0.300325 0.690396 0.301972 0.680243 0.306094 0.673478 0.315984 0.670769 0.328348 0.671447 0.340712 0.674831 0.353075 0.681600 0.362966 0.691075 0.367908 0.701224 0.369556 0.711376 0.365435 0.720176 0.358018 0.724914 0.346480 0.726945 0.334117 0.726945 0.320931 0.720851 0.310215 0.712055 0.303625
0 0.764169 0.301151 0.754694 0.306094 0.745894 0.312689 0.741157 0.324226 0.741157 0.337416 0.743188 0.349776 0.748600 0.360492 0.757400 0.367087 0.768227 0.367087 0.778380 0.363787 0.786502 0.355544 0.791918 0.344833 0.794624 0.332469 0.792592 0.320105 0.787180 0.309394 0.778380 0.302798 0.768227 0.301151
0 0.835231 0.299503 0.835231 0.299503 0.825078 0.300325 0.816282 0.308567 0.809514 0.318457 0.806129 0.330821 0.808161 0.343185 0.813573 0.353897 0.821020 0.362966 0.831169 0.367087 0.842000 0.367087 0.852153 0.363787 0.859596 0.354723 0.863655 0.343185 0.864333 0.330821 0.861627 0.318457 0.854859 0.308567 0.846059 0.301151 0.835910 0.299503
0 0.505631 0.376151 0.495478 0.378625 0.485325 0.382746 0.476529 0.389336 0.469082 0.398405 0.465702 0.410764 0.464345 0.423128 0.462992 0.435492 0.464345 0.447856 0.468408 0.459394 0.475851 0.468457 0.483973 0.476700 0.493447 0.482469 0.503600 0.484117 0.514431 0.484117 0.524580 0.480821 0.533380 0.474226 0.540149 0.464336 0.544886 0.452798 0.547592 0.440435 0.548271 0.428075 0.546918 0.415712 0.542176 0.404174 0.534733 0.395105 0.525933 0.386867 0.516459 0.381920 0.506310 0.377798
0 0.599706 0.377798 0.589553 0.380272 0.580078 0.385215 0.571282 0.392636 0.564514 0.402526 0.561804 0.414885 0.560451 0.427249 0.559776 0.439613 0.562482 0.451977 0.568573 0.462689 0.576694 0.470931 0.586169 0.475879 0.596322 0.479995 0.607149 0.479995 0.617302 0.479174 0.626776 0.473405 0.635576 0.465162 0.640314 0.453625 0.643020 0.440435 0.643698 0.428075 0.643020 0.415712 0.639635 0.403348 0.632871 0.393457 0.624749 0.385215 0.615271 0.380272 0.604443 0.378625
0 0.698518 0.376977 0.687690 0.379446 0.678216 0.384394 0.668737 0.390162 0.661973 0.400053 0.657910 0.411590 0.657235 0.423954 0.656557 0.436318 0.659263 0.448677 0.664678 0.460215 0.672122 0.469284 0.680922 0.476700 0.689722 0.483295 0.699871 0.485769 0.710024 0.483295 0.718824 0.475879 0.727620 0.468457 0.734388 0.458567 0.739804 0.447856 0.741157 0.434666 0.741157 0.421480 0.738451 0.409117 0.733035 0.398405 0.725588 0.389336 0.716792 0.382746 0.706639 0.380272
0 0.795302 0.378625 0.785149 0.379446 0.774996 0.382746 0.766196 0.389336 0.758753 0.400053 0.753337 0.410764 0.749278 0.422307 0.749953 0.435492 0.754016 0.447856 0.759431 0.458567 0.766875 0.467636 0.774996 0.475879 0.785149 0.479995 0.795302 0.480821 0.806129 0.480821 0.815604 0.475879 0.823047 0.466810 0.830494 0.456920 0.835910 0.446208 0.836584 0.433844 0.836584 0.420654 0.835910 0.408295 0.829141 0.397579 0.820341 0.390984 0.811545 0.384394 0.802067 0.378625
0 0.504831 0.491571 0.497247 0.493419 0.489663 0.495883 0.482078 0.498959 0.476518 0.505731 0.470957 0.513118 0.467420 0.521738 0.464384 0.530358 0.463878 0.539594 0.463878 0.549441 0.463373 0.558677 0.466408 0.567297 0.470451 0.575917 0.477024 0.581457 0.484102 0.585153 0.491180 0.588844 0.498259 0.593157 0.505839 0.593768 0.513929 0.593157 0.521514 0.591309 0.528592 0.587612 0.534659 0.581457 0.538702 0.573453 0.543251 0.565449 0.545275 0.556218 0.546286 0.546982 0.546792 0.537746 0.546286 0.528510 0.543757 0.519279 0.539714 0.511275 0.533647 0.505115 0.527075 0.499575 0.519996 0.495267 0.512412 0.493419 0.506851 0.492803
0 0.601392 0.492187 0.593808 0.494035 0.585718 0.496500 0.578133 0.498959 0.572067 0.505115 0.567012 0.512502 0.562969 0.520506 0.560945 0.529742 0.559933 0.538978 0.560439 0.548214 0.560945 0.557445 0.563475 0.566681 0.567012 0.575301 0.570553 0.583921 0.577627 0.587612 0.585212 0.590076 0.592796 0.591925 0.600380 0.593157 0.607961 0.592541 0.615545 0.590692 0.622624 0.586996 0.629702 0.583305 0.635263 0.576533 0.640824 0.569761 0.643859 0.560525 0.644361 0.551289 0.646384 0.542053 0.646890 0.532822 0.645878 0.523586 0.640824 0.516199 0.634251 0.510043 0.628184 0.503887 0.620600 0.500191 0.613525 0.495267 0.605941 0.493419 0.602906 0.492187
0 0.700812 0.491996 0.698098 0.491996 0.689961 0.493319 0.681820 0.495960 0.674769 0.501246 0.667714 0.506533 0.663373 0.516442 0.659576 0.525692 0.656863 0.535606 0.654149 0.545516 0.654690 0.555425 0.659031 0.564680 0.662831 0.573930 0.668255 0.581858 0.675851 0.586480 0.683447 0.590449 0.691588 0.592431 0.699725 0.593090 0.707867 0.592431 0.716004 0.591108 0.723600 0.586480 0.730110 0.579876 0.734996 0.571285 0.738251 0.562034 0.740420 0.552125 0.740965 0.542211 0.740965 0.531643 0.738251 0.521729 0.732824 0.513138 0.726855 0.505869 0.719804 0.500587 0.712749 0.495301 0.704612 0.492655
0 0.799725 0.491270 0.791588 0.491929 0.783447 0.492588 0.775310 0.495893 0.768255 0.501839 0.762286 0.509107 0.756863 0.517039 0.753604 0.526289 0.753063 0.536199 0.753063 0.546772 0.753063 0.558004 0.755235 0.567918 0.758490 0.577168 0.764459 0.584436 0.772055 0.588400 0.779651 0.592364 0.787788 0.595005 0.796471 0.595005 0.804608 0.593687 0.812204 0.589718 0.819800 0.585096 0.826314 0.578486 0.831737 0.570559 0.834996 0.560649 0.836078 0.550735 0.836624 0.540826 0.836078 0.530253 0.833910 0.520344 0.828482 0.512412 0.821973 0.505807 0.814918 0.499857 0.807322 0.495893
0 0.523859 0.607335 0.508153 0.608610 0.492447 0.614986 0.480929 0.629011 0.471506 0.645587 0.467318 0.664713 0.466271 0.683840 0.469412 0.702966 0.478835 0.719542 0.492447 0.729742 0.507106 0.738668 0.522812 0.741218 0.538518 0.738668 0.554224 0.732292 0.565741 0.718266 0.575165 0.701691 0.580400 0.682564 0.582494 0.663438 0.579353 0.644312 0.568882 0.629011 0.555271 0.618811 0.541659 0.608610 0.525953 0.606060
0 0.650447 0.606700 0.634741 0.607975 0.621129 0.618176 0.607518 0.628376 0.599141 0.646227 0.593906 0.665349 0.593906 0.685750 0.596000 0.704876 0.602282 0.722727 0.615894 0.734202 0.631600 0.739303 0.647306 0.740578 0.663012 0.738028 0.678714 0.730377 0.690231 0.716351 0.699655 0.699776 0.702796 0.680649 0.702796 0.660248 0.698608 0.641127 0.687090 0.627101 0.674529 0.613075 0.658824 0.607975
0 0.770855 0.606700 0.755149 0.611800 0.740490 0.620726 0.728973 0.634752 0.720596 0.651328 0.717455 0.670449 0.717455 0.690850 0.724784 0.708701 0.732114 0.726552 0.745725 0.738028 0.761431 0.744403 0.777137 0.745678 0.792843 0.740578 0.807502 0.730377 0.817973 0.715076 0.825302 0.697225 0.829490 0.678099 0.829490 0.657703 0.825302 0.638577 0.813784 0.624551 0.799125 0.616901 0.783420 0.611800
0 0.867165 0.373362 0.863624 0.373362 0.860306 0.373629 0.856765 0.374709 0.853886 0.376862 0.852118 0.380368 0.850788 0.384140 0.850125 0.388185 0.851012 0.392225 0.851455 0.396270 0.852561 0.400310 0.855435 0.403276 0.858314 0.405702 0.861635 0.407049 0.864953 0.407316 0.868494 0.407316 0.871816 0.406242 0.874690 0.403816 0.876682 0.400310 0.878231 0.396270 0.878894 0.391958 0.878894 0.387646 0.878455 0.383601 0.876463 0.380100 0.873804 0.377402 0.870929 0.375248
0 0.864690 0.415473 0.864690 0.415148 0.860686 0.416122 0.856682 0.417096 0.853478 0.420349 0.851075 0.424575 0.850275 0.429451 0.850275 0.434651 0.851875 0.439202 0.854545 0.443429 0.858016 0.446681 0.862020 0.448309 0.866024 0.448959 0.870027 0.447980 0.873765 0.446032 0.876702 0.442130 0.878039 0.437254 0.878573 0.432378 0.877769 0.427502 0.875902 0.422951 0.872965 0.419374 0.869761 0.416122
0 0.863941 0.456500 0.859937 0.458123 0.856200 0.460076 0.853529 0.463978 0.851129 0.468204 0.850592 0.473080 0.850592 0.478281 0.851663 0.483157 0.854063 0.487383 0.857533 0.489986 0.861537 0.491934 0.865545 0.492259 0.869549 0.491609 0.873286 0.489336 0.876490 0.485759 0.878357 0.481208 0.878890 0.476332 0.878624 0.471457 0.877024 0.466901 0.874353 0.463004 0.871149 0.459752 0.867145 0.458123
0 0.865545 0.499413 0.861537 0.500387 0.857533 0.501691 0.853796 0.503964 0.851129 0.507865 0.849792 0.512741 0.849792 0.522168 0.852196 0.526394 0.854329 0.530621 0.858337 0.532249 0.862608 0.533223 0.866612 0.533548 0.870616 0.532249 0.874353 0.530296 0.877024 0.526394 0.878890 0.521843 0.879427 0.516968 0.878624 0.511767 0.876490 0.507541 0.873820 0.503639 0.870616 0.500062 0.866612 0.498763
0 0.864804 0.541533 0.860655 0.542206 0.856506 0.544226 0.852910 0.547259 0.850424 0.551638 0.849871 0.556691 0.851251 0.561738 0.851529 0.566791 0.853741 0.571170 0.857337 0.574202 0.861486 0.575888 0.865910 0.575888 0.870059 0.574537 0.873655 0.571843 0.876420 0.567803 0.878357 0.563090 0.878910 0.558037 0.878910 0.552646 0.877251 0.547932 0.873929 0.544565 0.869780 0.543219
0 0.865082 0.583634 0.860933 0.583968 0.856784 0.585654 0.853188 0.588348 0.850976 0.592727 0.850145 0.597779 0.850424 0.602832 0.850976 0.607880 0.852635 0.612932 0.855953 0.616304 0.860102 0.618324 0.864251 0.618658 0.868400 0.618324 0.871996 0.615630 0.875035 0.611925 0.876973 0.607206 0.878357 0.602154 0.878631 0.597106 0.877525 0.592053 0.874761 0.588009 0.870890 0.585654 0.866741 0.583968
0 0.864318 0.625516 0.860302 0.625845 0.856553 0.627798 0.853341 0.631060 0.851467 0.635626 0.850929 0.640516 0.851733 0.645406 0.852267 0.650301 0.853875 0.654866 0.857086 0.658123 0.861106 0.659427 0.865122 0.660406 0.869137 0.659756 0.872886 0.657798 0.876098 0.654537 0.878239 0.650301 0.879314 0.645406 0.879580 0.640516 0.878510 0.635301 0.876365 0.631060 0.873153 0.627798 0.869404 0.625845 0.865388 0.625191
0 0.865655 0.667254 0.861639 0.667579 0.857624 0.668558 0.854141 0.671165 0.851467 0.675081 0.849859 0.679647 0.849859 0.684862 0.850663 0.689752 0.852804 0.693992 0.855749 0.697579 0.859498 0.699862 0.864051 0.701490 0.868871 0.701165 0.872886 0.699862 0.876098 0.696600 0.878776 0.692034 0.879580 0.686819 0.879580 0.681600 0.877973 0.676385 0.875027 0.672798 0.871545 0.669862 0.867529 0.668233
0 0.864318 0.710621 0.860302 0.711600 0.856286 0.712579 0.852804 0.715186 0.850929 0.719752 0.849859 0.724642 0.849859 0.730186 0.851733 0.735076 0.854678 0.738663 0.858161 0.741270 0.861906 0.743553 0.865925 0.744207 0.869941 0.743883 0.873957 0.741925 0.876902 0.738338 0.879043 0.732469 0.879847 0.727579 0.879580 0.722359 0.877439 0.718123 0.874494 0.714207 0.871012 0.710946 0.866996 0.709642
0 0.939451 0.879465 0.922180 0.886476 0.911820 0.904704 0.907212 0.925735 0.908365 0.946762 0.923333 0.959384 0.940600 0.964990 0.957871 0.960783 0.969384 0.943959 0.971686 0.922932 0.968231 0.901901 0.955569 0.886476