0 0.844361 0.466356 0.888306 0.474881 0.909611 0.502578 0.902954 0.542000 0.870991 0.565437 0.823046 0.565437 0.793750 0.534541 0.787093 0.496185 0.811065 0.472748 0.844361 0.466356
0 0.087824 0.162200 0.125111 0.168593 0.145083 0.199489 0.131769 0.237837 0.097148 0.248496 0.058528 0.239970 0.039880 0.209074 0.053204 0.169659 0.087824 0.161133
0 0.308889 0.189896 0.348833 0.199489 0.358157 0.229319 0.340843 0.254881 0.307556 0.263407 0.274259 0.253822 0.260944 0.225052 0.278259 0.195222 0.308889 0.188830
0 0.587204 0.174985 0.627157 0.184570 0.640472 0.215467 0.620500 0.242104 0.584546 0.248496 0.545926 0.236770 0.535269 0.210141 0.553917 0.180311 0.587204 0.174985
0 0.900157 0.164333 0.940102 0.178178 0.950759 0.206941 0.932111 0.233578 0.900157 0.238904 0.860204 0.230385 0.850880 0.198422 0.870861 0.172852 0.897491 0.164333
0 0.114593 0.521756 0.173185 0.534541 0.197157 0.570763 0.185167 0.605919 0.134565 0.629356 0.090620 0.627222 0.050667 0.609111 0.032028 0.579281 0.053333 0.537733 0.113259 0.520689
0 0.188009 0.866022 0.216787 0.873393 0.231750 0.900096 0.219083 0.923111 0.192611 0.934163 0.163843 0.930481 0.147731 0.909304 0.153481 0.877993 0.185713 0.865104
0 0.536750 0.844844 0.577037 0.855896 0.588546 0.892726 0.566676 0.917585 0.533296 0.922193 0.497620 0.907459 0.487259 0.879837 0.503370 0.852215 0.535602 0.844844
0 0.833694 0.826430 0.880880 0.842081 0.886639 0.877074 0.863620 0.900096 0.834843 0.907459 0.794565 0.895489 0.786509 0.866022 0.802620 0.837481 0.836000 0.825511
0 0.501981 0.488548 0.489509 0.490852 0.477519 0.497756 0.472713 0.507733 0.472241 0.521170 0.479917 0.532681 0.497667 0.539970 0.511574 0.538437 0.527407 0.530763 0.534120 0.516178 0.529806 0.500444 0.517815 0.491237 0.501500 0.488933
1 0.453046 0.506585 0.466481 0.510807 0.473676 0.498911 0.487593 0.487778 0.508213 0.485474 0.521648 0.488548 0.531241 0.500059 0.537963 0.510807 0.550907 0.507733 0.551389 0.501978 0.542759 0.491237 0.533639 0.480489 0.520685 0.475881 0.508694 0.474733 0.494306 0.473963 0.477991 0.478570 0.463120 0.486244 0.456407 0.497378 0.452565 0.506585