0 0.793009 0.074712 0.770907 0.084304 0.751963 0.096294 0.737759 0.111878 0.729861 0.129866 0.726704 0.147848 0.729861 0.165837 0.745648 0.180225 0.766176 0.191020 0.789852 0.197011 0.815111 0.201807 0.838796 0.195816 0.859315 0.186224 0.873528 0.170633 0.883000 0.153847 0.894056 0.137060 0.890898 0.119072 0.879843 0.102286 0.867213 0.086702 0.845111 0.078305 0.821426 0.073509
0 0.786694 0.326505 0.764593 0.338502 0.747231 0.352890 0.737759 0.369677 0.731444 0.387658 0.729861 0.405647 0.742491 0.421231 0.758278 0.435619 0.781963 0.439219 0.805639 0.441617 0.829324 0.442813 0.853000 0.435619 0.871944 0.423629 0.884583 0.406842 0.890898 0.388861 0.895630 0.369677 0.892472 0.351688 0.875102 0.337300 0.853000 0.328903 0.830898 0.320513 0.807222 0.318115
0 0.800907 0.569916 0.777222 0.574712 0.756704 0.584304 0.740917 0.598692 0.726704 0.614276 0.718815 0.632264 0.723546 0.651449 0.733019 0.668235 0.751963 0.681428 0.774065 0.689817 0.797750 0.694613 0.821426 0.697011 0.845111 0.693418 0.864056 0.680225 0.873528 0.663439 0.876685 0.645450 0.883000 0.627468 0.884583 0.609480 0.879843 0.590295 0.860898 0.577110 0.837213 0.571111
0 0.791435 0.806125 0.769333 0.814515 0.748806 0.824107 0.736176 0.839698 0.726704 0.856484 0.723546 0.875668 0.721972 0.893657 0.734602 0.909241 0.756704 0.918833 0.777222 0.928425 0.802481 0.934423 0.827741 0.934423 0.849843 0.924831 0.868787 0.911639 0.881417 0.894852 0.886157 0.876871 0.886157 0.857686 0.873528 0.839698 0.862472 0.822911 0.840370 0.814515 0.816694 0.809719
0 0.478843 0.801329 0.453583 0.808523 0.433056 0.820513 0.415694 0.834902 0.406222 0.854086 0.403065 0.872075 0.407796 0.891259 0.414111 0.909241 0.433056 0.924831 0.455167 0.932025 0.478843 0.933221 0.502528 0.934423 0.526204 0.928425 0.543574 0.915239 0.554620 0.898453 0.562519 0.880464 0.564093 0.862482 0.556204 0.844494 0.545148 0.827707 0.529361 0.813319 0.508843 0.801329
0 0.486741 0.560323 0.461481 0.561519 0.439370 0.569916 0.425167 0.586702 0.409380 0.601090 0.401481 0.619072 0.403065 0.638256 0.403065 0.657440 0.418852 0.671835 0.439370 0.681428 0.464639 0.688622 0.488315 0.693418 0.512000 0.692215 0.534102 0.683826 0.551463 0.670633 0.560935 0.653847 0.564093 0.635858 0.567250 0.617876 0.560935 0.599887 0.548306 0.584304 0.529361 0.572314 0.508843 0.562722 0.508843 0.562722
0 0.461481 0.312117 0.440954 0.322911 0.425167 0.337300 0.414111 0.355288 0.406222 0.373270 0.403065 0.391259 0.407796 0.409241 0.426741 0.422433 0.448852 0.430823 0.474111 0.435619 0.499370 0.439219 0.523046 0.436821 0.540417 0.422433 0.554620 0.406842 0.557778 0.388861 0.560935 0.370872 0.560935 0.351688 0.554620 0.333699 0.532519 0.322911 0.508843 0.316913 0.485157 0.315717
0 0.502528 0.191020 0.524630 0.182623 0.548306 0.171835 0.564093 0.157440 0.575148 0.140654 0.576722 0.121470 0.568833 0.103488 0.554620 0.087897 0.532519 0.078305 0.510417 0.071111 0.486741 0.067518 0.463056 0.072314 0.442528 0.081906 0.422009 0.093896 0.410954 0.113080 0.404639 0.131062 0.403065 0.150246 0.412537 0.167032 0.434639 0.177827 0.456741 0.188622 0.480426 0.191020 0.493056 0.192215
0 0.246769 0.140654 0.243611 0.121470 0.235722 0.103488 0.226250 0.085499 0.205722 0.074712 0.182037 0.071111 0.158361 0.069916 0.134676 0.074712 0.111000 0.084304 0.095213 0.098692 0.088898 0.116674 0.085741 0.134662 0.082583 0.152644 0.082583 0.171835 0.096787 0.187419 0.120472 0.197011 0.144148 0.201807 0.169407 0.203010 0.196250 0.199409 0.218352 0.189817 0.230981 0.173031 0.237296 0.155042
0 0.193093 0.324107 0.167833 0.324107 0.140991 0.324107 0.115731 0.330105 0.098370 0.345696 0.082583 0.360084 0.071528 0.378066 0.066796 0.396055 0.076269 0.412841 0.095213 0.426027 0.114157 0.439219 0.134676 0.450007 0.158361 0.454803 0.182037 0.456006 0.205722 0.448812 0.223083 0.433221 0.234139 0.416435 0.240454 0.397250 0.248352 0.379269 0.245194 0.360084 0.232565 0.343298 0.213611 0.331301 0.212037 0.330105
0 0.131519 0.575907 0.111000 0.585499 0.093630 0.599887 0.077843 0.615478 0.069954 0.633460 0.079426 0.651449 0.092056 0.668235 0.107843 0.682623 0.129944 0.689817 0.156778 0.693418 0.180463 0.694613 0.204139 0.687419 0.221509 0.674233 0.230981 0.656245 0.235722 0.638256 0.234139 0.620274 0.224667 0.602286 0.210454 0.586702 0.188352 0.577110 0.163093 0.571111
0 0.178880 0.807321 0.153620 0.807321 0.129944 0.813319 0.106259 0.819311 0.084157 0.827707 0.073111 0.844494 0.069954 0.862482 0.069954 0.882862 0.079426 0.899648 0.095213 0.914037 0.115731 0.926027 0.139417 0.932025 0.163093 0.934423 0.186778 0.935619 0.208880 0.928425 0.219926 0.911639 0.234139 0.896055 0.242037 0.878066 0.245194 0.860084 0.237296 0.842096 0.224667 0.826505 0.204139 0.814515