1 0.190340 0.153395 0.191769 0.169721 0.270571 0.172977 0.273442 0.155023
0 0.776177 0.079597 0.753252 0.087752 0.747524 0.113876 0.751823 0.138372 0.774748 0.144899 0.796231 0.136744 0.801973 0.112248 0.789075 0.091023
1 0.730476 0.148496 0.731905 0.163194 0.812136 0.168078 0.810707 0.156651
1 0.461129 0.359101 0.463986 0.381953 0.537061 0.383597 0.538490 0.364000
0 0.779048 0.641225 0.756122 0.636326 0.738925 0.652651 0.736068 0.677132 0.753252 0.698357 0.774748 0.696729 0.791946 0.680403 0.796231 0.655922
0 0.511129 0.850202 0.489633 0.851829 0.479605 0.876326 0.483905 0.900806 0.503959 0.912233 0.522585 0.897550 0.524027 0.871426
0 0.508259 0.293473 0.486776 0.298372 0.475306 0.321225 0.486776 0.344078 0.509687 0.345721 0.526884 0.329395
0 0.236041 0.642853 0.214558 0.652651 0.207388 0.677132 0.215986 0.700000 0.240340 0.700000 0.256109 0.682031 0.258966 0.655922
0 0.243211 0.087752 0.221714 0.086124 0.218857 0.112248 0.227442 0.136744 0.248939 0.138372 0.257537 0.115519
1 0.196068 0.706853 0.193211 0.728078 0.273442 0.729705 0.272000 0.701953
1 0.459687 0.915829 0.458259 0.937054 0.539918 0.933783 0.538490 0.909302
1 0.731905 0.706853 0.733347 0.729705 0.809279 0.728078 0.807837 0.705225