0 0.911556 0.880020 0.877208 0.881653 0.870333 0.907772 0.904681 0.919208 0.939042 0.911040 0.936750 0.884921
0 0.151208 0.022891 0.116847 0.024525 0.087083 0.040851 0.059597 0.058812 0.045847 0.084931 0.038986 0.114317 0.036694 0.143703 0.045847 0.169832 0.064181 0.192683 0.096236 0.209010 0.144333 0.220436 0.180972 0.222069 0.229069 0.222069 0.270292 0.217178 0.295486 0.199218 0.304653 0.174723 0.306931 0.145337 0.306931 0.114317 0.300069 0.089832 0.279458 0.063703 0.247389 0.037584 0.215333 0.026158 0.180972 0.021257
0 0.597792 0.272683 0.563444 0.287376 0.538250 0.308604 0.517639 0.331455 0.510764 0.357584 0.508472 0.382069 0.508472 0.409822 0.519931 0.435950 0.549694 0.455535 0.581764 0.468604 0.622986 0.480030 0.657347 0.484921 0.696278 0.471861 0.728333 0.457168 0.751236 0.435950 0.767278 0.411455 0.771847 0.385337 0.762694 0.360842 0.744375 0.334723 0.723764 0.311871 0.696278 0.293911 0.664208 0.279218 0.629861 0.272683
0 0.920722 0.427782 0.886361 0.437584 0.890944 0.462069 0.925292 0.470228 0.941333 0.447376
0 0.835972 0.659614 0.801625 0.667782 0.790167 0.692267 0.813069 0.711861 0.852014 0.711861 0.865750 0.685743
0 0.565736 0.656356 0.524514 0.654723 0.510764 0.677574 0.542833 0.692267 0.579472 0.689000
0 0.339000 0.657980 0.304653 0.669416 0.295486 0.693901 0.325264 0.708594 0.359611 0.706960 0.368778 0.679208
0 0.116847 0.643287 0.082500 0.649822 0.077917 0.674307 0.109972 0.690634 0.137458 0.674307
0 0.116847 0.357584 0.089361 0.377168 0.087083 0.401663 0.114556 0.417990 0.148917 0.426149 0.176389 0.409822 0.178681 0.385337 0.155778 0.365743
0 0.341292 0.390238 0.313806 0.409822 0.320681 0.435950 0.350458 0.449010 0.382514 0.439208 0.389389 0.414723
0 0.469542 0.115950 0.437486 0.125743 0.435194 0.151871 0.460389 0.171465 0.494736 0.161663 0.501611 0.137178
0 0.655056 0.120851 0.650472 0.146970 0.675667 0.168198 0.710014 0.171465 0.719181 0.146970 0.691694 0.130644
0 0.913847 0.140436 0.879486 0.143703 0.858875 0.166564 0.877208 0.187782 0.911556 0.192683 0.932167 0.171465
0 0.167236 0.897980 0.153486 0.920842 0.167236 0.945327 0.201583 0.953495 0.219903 0.929000 0.229069 0.904515 0.194722 0.896347
0 0.705431 0.855535 0.671083 0.868594 0.655056 0.891455 0.668792 0.915941 0.703139 0.924099 0.737500 0.912673 0.751236 0.888188 0.751236 0.857168