0 0.435503 0.323433 0.415720 0.322752 0.394701 0.326156 0.379878 0.332962 0.368750 0.341810 0.365041 0.352700 0.365041 0.364944 0.372459 0.374473 0.387283 0.382640 0.404592 0.388085 0.425611 0.390120 0.445394 0.390800 0.462690 0.386043 0.478764 0.379918 0.489891 0.370389 0.494837 0.359499 0.494837 0.347936 0.486182 0.338407 0.472582 0.330920 0.456508 0.324794
0 0.292106 0.150591 0.272323 0.150591 0.255027 0.156036 0.241427 0.164884 0.237717 0.175093 0.237717 0.185976 0.245136 0.195505 0.263668 0.200950 0.282215 0.204353 0.304470 0.204353 0.324239 0.200269 0.341549 0.189379 0.347731 0.178489 0.348967 0.168287 0.335367 0.160120 0.318071 0.153994
0 0.597310 0.233545 0.580000 0.238310 0.581236 0.249192 0.599783 0.251234 0.613383 0.243747
0 0.525734 0.259469 0.520788 0.247898 0.507201 0.239738 0.491128 0.233613 0.473818 0.228848 0.473818 0.228848 0.379878 0.230209 0.378641 0.313231 0.533152 0.317988 0.513370 0.299619 0.525734 0.279888
0 0.249851 0.927756 0.239701 0.916574 0.233234 0.907427 0.226766 0.898781 0.221223 0.888616 0.217527 0.880486 0.214769 0.871331 0.212921 0.862184 0.212921 0.854054 0.212921 0.844907 0.212921 0.836769 0.212921 0.827113 0.213845 0.819484 0.217527 0.811862 0.223995 0.803732 0.231386 0.796103 0.241535 0.789499 0.250774 0.782887 0.262785 0.776791 0.276630 0.771705 0.289552 0.767128 0.303410 0.762558 0.320027 0.759506 0.333886 0.757472 0.349579 0.754929 0.364348 0.752902 0.381889 0.751885 0.400367 0.751376 0.419755 0.750868 0.438220 0.750868 0.452079 0.751376 0.466848 0.753411 0.481617 0.755438 0.495476 0.757472 0.509321 0.760524 0.523179 0.767128 0.536101 0.773231 0.547174 0.780344 0.557337 0.787464 0.568424 0.795086 0.577649 0.803224 0.585041 0.810337 0.592432 0.816948 0.598886 0.824061 0.605353 0.832191 0.610897 0.840329 0.616440 0.847951 0.621046 0.856088 0.623818 0.865744 0.618274 0.875909 0.616440 0.883538 0.611821 0.891159 0.608125 0.898781 0.604429 0.906918 0.597038 0.914031 0.590584 0.921152 0.583193 0.927756
1 0.118736 0.756963 0.152894 0.756455 0.154742 0.924196 0.117812 0.924196
1 0.737391 0.756963 0.770639 0.757472 0.774334 0.923687 0.728166 0.922678
1 0.623818 0.514503 0.651522 0.515011 0.654293 0.652251 0.626590 0.653269
1 0.404076 0.165819 0.754891 0.166791 0.756793 0.190202 0.402174 0.189230
0 0.838478 0.540509 0.817473 0.540509 0.798927 0.542550 0.779144 0.545954 0.763084 0.552079 0.747011 0.560247 0.732174 0.569768 0.721046 0.578616 0.712391 0.588145 0.709918 0.599035 0.709918 0.610598 0.713628 0.621488 0.719810 0.632378 0.727228 0.641900 0.738356 0.651429 0.751957 0.660277 0.769266 0.665722 0.787799 0.669806 0.810054 0.673201 0.828601 0.673882 0.848370 0.671840 0.865679 0.667764 0.886698 0.665041 0.902758 0.659596 0.915122 0.660277 0.911413 0.554121
0 0.293342 0.614001 0.269851 0.611960 0.250082 0.614682 0.232772 0.621488 0.220408 0.629656 0.211753 0.640539 0.210516 0.650748 0.209280 0.662319 0.209280 0.673201 0.217935 0.683411 0.231535 0.690898 0.250082 0.697023 0.267378 0.701788 0.285924 0.705191 0.304470 0.706545 0.321766 0.701107 0.337840 0.695662 0.350204 0.687494 0.357622 0.677285 0.362568 0.665722 0.362568 0.654832 0.360095 0.644622 0.352677 0.633740 0.342785 0.624892
0 0.204334 0.495595 0.185802 0.492880 0.170965 0.499678 0.169728 0.509888 0.174674 0.520097 0.188274 0.527584 0.209280 0.526904 0.224117 0.520097 0.232772 0.510568 0.225353 0.501040
0 0.742065 0.294174 0.719810 0.296896 0.701277 0.301660 0.683967 0.306425 0.666658 0.312550 0.650584 0.318669 0.636997 0.326836 0.628342 0.337046 0.620924 0.347936 0.617215 0.358818 0.617215 0.369708 0.619687 0.379918 0.627106 0.390120 0.638234 0.400329 0.648111 0.409177 0.661712 0.418025 0.676549 0.424824 0.696332 0.430269 0.713628 0.435034 0.730938 0.439117 0.750720 0.443201 0.774198 0.443201 0.792745 0.442521 0.808818 0.437076 0.826128 0.432311 0.842187 0.426185 0.857024 0.418706 0.868152 0.409177 0.879280 0.400329 0.887935 0.390800 0.892880 0.379918 0.895353 0.369708 0.896590 0.359499 0.896590 0.348616 0.887935 0.339088 0.876807 0.328878 0.864443 0.320711 0.852079 0.312550 0.834769 0.307105 0.817473 0.302341 0.800163 0.297577 0.781617 0.294854 0.760611 0.293493