8 0.668186 0.88103 0.0914946 0.23794
8 0.800926 0.892716 0.121848 0.203308
8 0.2884 0.911929 0.142935 0.176142
8 0.728373 0.883806 0.0505163 0.232388
8 0.545481 0.8978 0.0686533 0.2044
14 0.126045 0.737709 0.0712454 0.207854
8 0.124686 0.893296 0.0891818 0.213409
8 0.802094 0.76722 0.048928 0.0796382
8 0.224511 0.825643 0.076414 0.116002
8 0.491612 0.829182 0.0619026 0.120225
8 0.377933 0.806868 0.0684046 0.0913416
8 0.520285 0.894647 0.121727 0.210705
8 0.126198 0.843185 0.0709382 0.165285
8 0.0272011 0.890509 0.0544023 0.218981
8 0.501403 0.892974 0.174319 0.214052
8 0.0882305 0.905377 0.046403 0.186212
8 0.514393 0.797932 0.0294073 0.119139
10 0.770609 0.889937 0.458031 0.220125
10 0.336898 0.909831 0.376493 0.180338
