14 0.199658 0.624241 0.399317 0.747157
10 0.593014 0.769786 0.749965 0.454876
14 0.351158 0.517613 0.135358 0.194959
14 0.697806 0.301938 0.110177 0.249993
14 0.526784 0.419362 0.0831459 0.246445
14 0.0288638 0.397477 0.0574259 0.144132
14 0.934892 0.320789 0.130217 0.371189
14 0.970367 0.520315 0.059265 0.295564
14 0.550407 0.496003 0.107019 0.169106
14 0.604334 0.436075 0.150488 0.295787
14 0.565327 0.49219 0.0771124 0.165084
14 0.799441 0.503811 0.214251 0.298314
14 0.227315 0.496568 0.118001 0.311485
8 0.103371 0.90231 0.206742 0.192178
14 0.736382 0.267657 0.0686756 0.132538
