8 0.475869 0.898718 0.179279 0.202564
14 0.583564 0.476077 0.104518 0.0833624
8 0.608697 0.861258 0.293864 0.275688
8 0.687272 0.693389 0.158368 0.194962
14 0.434555 0.408049 0.103618 0.180676
8 0.513771 0.672166 0.158111 0.138313
8 0.747362 0.88479 0.148578 0.229091
14 0.272343 0.398825 0.0853226 0.173917
8 0.0953343 0.8681 0.186262 0.263801
14 0.734628 0.518322 0.0915423 0.103975
8 0.878659 0.536312 0.145857 0.234856
10 0.93355 0.399639 0.131997 0.103633
10 0.105913 0.428196 0.206672 0.111034
14 0.126622 0.691471 0.123035 0.133377
8 0.0942582 0.928739 0.183608 0.142522
10 0.573064 0.585165 0.268804 0.158649
