14 0.375723 0.582997 0.134026 0.295878
14 0.522067 0.539816 0.111833 0.260353
1 0.395328 0.676869 0.237978 0.247587
1 0.544438 0.622184 0.191405 0.210516
1 0.814542 0.608864 0.153974 0.192394
14 0.808476 0.53656 0.0896337 0.253895
14 0.273112 0.366753 0.0436452 0.0798628
14 0.136323 0.311754 0.0457247 0.174769
1 0.76231 0.522526 0.123524 0.150773
14 0.235535 0.376206 0.0355658 0.0613099
14 0.440514 0.437918 0.0416126 0.126886
14 0.439923 0.407275 0.0435392 0.0602603
14 0.697862 0.42533 0.0327839 0.12592
13 0.973292 0.459382 0.0534168 0.070063
14 0.75276 0.44847 0.0647436 0.164911
