6 0.797849 0.356321 0.366435 0.384706
6 0.494833 0.54488 0.9298 0.731831
14 0.331089 0.139 0.048168 0.151004
14 0.155485 0.190327 0.0720982 0.292482
14 0.23795 0.115724 0.0798839 0.159051
6 0.608373 0.158353 0.0888376 0.115409
6 0.0858836 0.157639 0.0955634 0.0841113
14 0.543344 0.184405 0.0834152 0.156326
6 0.851848 0.174959 0.257984 0.148284
6 0.411671 0.150052 0.0843728 0.0722362
6 0.0334775 0.141215 0.0272053 0.0569475
6 0.576309 0.156911 0.148749 0.113755
14 0.32087 0.136479 0.0656631 0.152479
