14 0.519367 0.593967 0.129184 0.731736
14 0.708258 0.592243 0.116175 0.713448
15 0.0680884 0.473139 0.136177 0.462942
14 0.798174 0.596617 0.111082 0.667664
14 0.343128 0.202936 0.0674922 0.197081
14 0.520142 0.211757 0.0994484 0.174418
14 0.416386 0.251749 0.119535 0.251196
14 0.429424 0.612165 0.131104 0.723116
14 0.569106 0.253901 0.0642039 0.193139
14 0.231881 0.636893 0.208228 0.722144
14 0.718122 0.233699 0.127031 0.208233
14 0.627528 0.58856 0.133427 0.734447
8 0.901086 0.524117 0.10154 0.167851
14 0.283954 0.250489 0.104436 0.160954
