15 0.454557 0.433728 0.202346 0.209474
15 0.635374 0.6843 0.168646 0.274637
15 0.667557 0.271041 0.215547 0.522583
15 0.266456 0.128627 0.155909 0.200306
15 0.840019 0.277124 0.211723 0.309007
15 0.884728 0.769145 0.141132 0.225373
15 0.834762 0.625469 0.230095 0.184067
15 0.528751 0.917187 0.137989 0.164134
15 0.242726 0.59009 0.188983 0.526232
15 0.278943 0.353169 0.185746 0.355332
15 0.434951 0.676423 0.214928 0.275504
15 0.635535 0.441388 0.146269 0.187762
15 0.362062 0.923461 0.210102 0.151629
15 0.240747 0.679989 0.18914 0.346542
