14 0.252692 0.643574 0.451051 0.65572
14 0.848565 0.580662 0.301666 0.838676
8 0.666679 0.81181 0.185115 0.374327
14 0.716492 0.380782 0.409004 0.750443
8 0.0622312 0.567333 0.118404 0.290988
4 0.435253 0.348913 0.0179695 0.0715826
4 0.199299 0.289841 0.0158924 0.0569657
4 0.461519 0.394195 0.0287153 0.139648
4 0.151579 0.289421 0.015709 0.0576814
4 0.173124 0.286525 0.0144813 0.0547861
4 0.416966 0.344037 0.018483 0.0637983
4 0.187217 0.289958 0.0157585 0.0508829
4 0.46884 0.393228 0.0399997 0.142335
4 0.215947 0.290696 0.015127 0.057385
