14 0.825985 0.328237 0.29693 0.65301
14 0.19853 0.348156 0.134528 0.539058
14 0.118591 0.388701 0.178971 0.557443
14 0.332982 0.350726 0.11474 0.546212
14 0.467446 0.374457 0.211273 0.530369
14 0.664354 0.358797 0.113149 0.565959
14 0.575581 0.372904 0.104004 0.53748
16 0.51138 0.744362 0.193159 0.361793
14 0.661197 0.27039 0.110292 0.415922
14 0.149361 0.373147 0.125715 0.544791
14 0.907603 0.182067 0.168645 0.304608
14 0.0333161 0.390182 0.0666323 0.526701
7 0.514205 0.744451 0.185569 0.364421
14 0.911576 0.318524 0.174455 0.578742
