2 0.819357 0.356399 0.044744 0.109303
2 0.416166 0.54358 0.151076 0.418553
2 0.437664 0.241268 0.0710043 0.0713404
2 0.717567 0.64831 0.154896 0.188105
2 0.372723 0.262443 0.0400181 0.101102
2 0.209245 0.313503 0.0432172 0.10819
2 0.626064 0.480793 0.0996808 0.173444
2 0.243784 0.240132 0.0432529 0.0768568
2 0.0516995 0.384105 0.0459363 0.104039
2 0.294924 0.260655 0.0371632 0.0915437
2 0.665056 0.383369 0.0593828 0.121763
2 0.767297 0.458712 0.066319 0.12467
2 0.170747 0.424434 0.0623656 0.113238
2 0.0794604 0.285225 0.0448965 0.0916431
2 0.320563 0.408753 0.0600558 0.10787
2 0.908154 0.49842 0.0690087 0.0724907
2 0.0335938 0.281609 0.0361429 0.0713413
2 0.212818 0.54435 0.0721077 0.16103
2 0.717528 0.3712 0.0589447 0.0970152
2 0.678061 0.29138 0.0551927 0.0668134
2 0.960251 0.482765 0.0496533 0.0945948
2 0.14495 0.352377 0.0469585 0.0995477
2 0.624001 0.309612 0.0497718 0.0972673
2 0.507411 0.497282 0.132669 0.213711
2 0.556459 0.40178 0.0835761 0.0950479
2 0.86954 0.419411 0.0492929 0.0964015
2 0.234212 0.541034 0.0480732 0.169411
2 0.241751 0.539888 0.0352978 0.167667
2 0.67789 0.31891 0.0581799 0.12263
2 0.524381 0.291879 0.0601121 0.132218
