6 0.698526 0.725791 0.444428 0.22329
6 0.245572 0.805968 0.487734 0.244474
6 0.110771 0.515341 0.180859 0.0936766
6 0.460432 0.636796 0.371985 0.157177
6 0.885914 0.507885 0.171893 0.108701
14 0.288222 0.52809 0.0495258 0.150681
6 0.681301 0.508694 0.119457 0.0828625
6 0.411593 0.545664 0.22091 0.121421
14 0.894153 0.426853 0.0322517 0.0648577
14 0.922843 0.431108 0.0265466 0.0557268
6 0.583291 0.552196 0.270317 0.111867
14 0.455694 0.430986 0.0265963 0.0701567
6 0.949764 0.517002 0.0540487 0.0934011
6 0.646355 0.508137 0.188957 0.083994
14 0.430472 0.429831 0.0240566 0.0627891
6 0.246424 0.499914 0.0547274 0.0738001
6 0.0386501 0.541117 0.0384966 0.156762
