13 0.674176 0.463484 0.171615 0.274958
13 0.309649 0.464982 0.218616 0.331176
13 0.849202 0.459113 0.165039 0.27562
14 0.86191 0.345921 0.136714 0.32895
13 0.573789 0.427782 0.126559 0.262791
14 0.695616 0.357458 0.13547 0.295586
14 0.589224 0.359906 0.11173 0.293397
14 0.914966 0.232558 0.0586094 0.218099
14 0.351051 0.41227 0.140062 0.383736
14 0.331834 0.1829 0.0542588 0.118783
5 0.755553 0.147458 0.48706 0.286042
14 0.913705 0.191925 0.0584869 0.135699
14 0.300631 0.393435 0.105672 0.338165
