14 0.76573 0.629837 0.0742888 0.288524
14 0.277578 0.641397 0.105009 0.352384
14 0.633719 0.626097 0.0728309 0.288043
14 0.49731 0.631939 0.121466 0.328459
14 0.959768 0.644851 0.0790108 0.327127
14 0.361135 0.590631 0.0421234 0.180003
1 0.928478 0.725343 0.143045 0.21699
14 0.67838 0.610296 0.057903 0.25279
1 0.332155 0.669981 0.0745761 0.158374
1 0.272454 0.733509 0.0918591 0.250297
1 0.492205 0.722743 0.113999 0.2008
1 0.645309 0.708774 0.0998367 0.197063
1 0.396689 0.62101 0.0691604 0.116636
1 0.797163 0.699593 0.116863 0.203146
