6 0.399827 0.580668 0.640509 0.591518
6 0.198727 0.476607 0.397454 0.398884
6 0.75692 0.406274 0.200526 0.220365
6 0.0622999 0.741747 0.124392 0.515928
6 0.919743 0.33859 0.0738087 0.110295
6 0.865962 0.361247 0.0849266 0.151467
6 0.357786 0.306305 0.133498 0.083845
14 0.137363 0.238328 0.0748843 0.0947248
14 0.0898496 0.253369 0.030043 0.0838289
6 0.937911 0.313702 0.0707982 0.0815702
14 0.114771 0.247834 0.0308616 0.0804781
14 0.123147 0.239937 0.0453631 0.0938281
14 0.313187 0.248024 0.0449615 0.0629883
