10 0.58562 0.676706 0.569135 0.635752
14 0.568865 0.294893 0.128627 0.218497
14 0.393451 0.273543 0.13888 0.22064
14 0.112116 0.506821 0.224231 0.519292
14 0.825874 0.426831 0.132044 0.205627
14 0.699773 0.331571 0.124848 0.310663
14 0.800323 0.325701 0.13422 0.298301
14 0.250212 0.632836 0.28246 0.722701
8 0.872154 0.824371 0.255692 0.351258
14 0.076105 0.339729 0.101829 0.215611
14 0.280422 0.242008 0.0941416 0.104656
14 0.876856 0.626438 0.246288 0.747125
8 0.822325 0.812913 0.166978 0.367842
8 0.0475457 0.850463 0.0949137 0.299075
8 0.151806 0.835856 0.297871 0.326534
