14 0.213877 0.536001 0.11861 0.313877
14 0.365037 0.570899 0.120017 0.314384
14 0.675219 0.629915 0.118948 0.336981
14 0.745244 0.612222 0.124488 0.431321
14 0.514008 0.602006 0.112883 0.344183
1 0.674318 0.729339 0.103307 0.219161
14 0.566424 0.582326 0.0788198 0.402794
14 0.417632 0.569269 0.0924288 0.409271
14 0.276804 0.543314 0.0734495 0.363313
1 0.517722 0.695149 0.117829 0.218921
1 0.21972 0.634717 0.115853 0.219567
1 0.373785 0.668733 0.133329 0.217135
14 0.535176 0.381892 0.0340071 0.0834535
14 0.580994 0.573302 0.0525564 0.441833
