12 0.382805 0.566033 0.308009 0.339937
14 0.891923 0.445041 0.0896221 0.259586
14 0.347722 0.464268 0.124345 0.295594
12 0.866626 0.551652 0.26638 0.295545
14 0.232532 0.438297 0.0742098 0.168953
12 0.569911 0.424828 0.120049 0.107088
14 0.559738 0.374584 0.0330219 0.0856546
12 0.19961 0.538376 0.17284 0.256541
14 0.192406 0.430518 0.0446239 0.173042
14 0.668588 0.362518 0.0338253 0.0862954
12 0.675461 0.419667 0.123607 0.110259
14 0.764831 0.478874 0.0781085 0.309359
12 0.733922 0.501796 0.195626 0.268465
12 0.652318 0.419716 0.0731795 0.105797
12 0.626833 0.42205 0.239664 0.106468
14 0.766667 0.398925 0.0626953 0.145857
