15 0.207965 0.307011 0.17424 0.185394
15 0.742678 0.587026 0.138263 0.235566
15 0.879732 0.329912 0.104497 0.263898
15 0.13199 0.517673 0.160645 0.280863
15 0.627438 0.506286 0.121412 0.200606
15 0.149122 0.0924257 0.14622 0.18327
15 0.386752 0.194418 0.293595 0.388836
15 0.523045 0.597796 0.131277 0.202254
15 0.687485 0.247848 0.258236 0.25431
15 0.388377 0.569261 0.164256 0.204913
15 0.765879 0.0472771 0.0935346 0.0945543
15 0.556881 0.599295 0.200059 0.202371
15 0.243924 0.593733 0.121518 0.156257
