8 0.28204 0.801529 0.0797362 0.140649
8 0.0575819 0.903484 0.114116 0.193032
8 0.61594 0.837231 0.0675726 0.0936664
8 0.135519 0.887396 0.116323 0.225208
8 0.951212 0.92343 0.0975758 0.153139
8 0.425127 0.907988 0.190294 0.183423
8 0.532442 0.773572 0.0543755 0.0725715
14 0.962884 0.699691 0.0713341 0.19764
8 0.737958 0.860139 0.126344 0.0862246
14 0.739813 0.730277 0.0472975 0.136088
8 0.811021 0.934073 0.112775 0.129621
10 0.553126 0.933636 0.495297 0.131318
8 0.65112 0.816449 0.0391324 0.130176
8 0.78641 0.934192 0.162 0.131119
8 0.163313 0.880466 0.0791526 0.232206
8 0.215999 0.782813 0.0422366 0.114777
8 0.17959 0.873315 0.0691987 0.221584
8 0.788878 0.795097 0.0653578 0.101511
8 0.133452 0.75902 0.0532013 0.0612035
8 0.062214 0.764447 0.0465923 0.0682675
8 0.210584 0.786985 0.0517508 0.133009
14 0.559201 0.720036 0.035308 0.0937713
14 0.190499 0.697205 0.0321369 0.0812323
8 0.80676 0.794812 0.0304933 0.10381
8 0.754774 0.935894 0.23209 0.127482
10 0.656663 0.931843 0.300653 0.136314
