14 0.668434 0.614752 0.480488 0.76925
4 0.0569284 0.733078 0.0556903 0.233174
4 0.118452 0.934862 0.0416157 0.130277
14 0.361754 0.695859 0.269336 0.601771
4 0.244172 0.45399 0.0361736 0.171427
4 0.159429 0.925494 0.044552 0.148709
4 0.197025 0.694895 0.0587426 0.195454
4 0.0416518 0.16263 0.0447335 0.224
4 0.10212 0.438233 0.0536623 0.218801
4 0.305979 0.280565 0.048509 0.153588
4 0.146838 0.446649 0.0448533 0.196001
4 0.388724 0.31149 0.0414314 0.140253
4 0.273859 0.447284 0.035389 0.152856
4 0.213874 0.6924 0.0383378 0.199006
4 0.171811 0.224133 0.042124 0.182197
4 0.922605 0.661672 0.0512607 0.152415
4 0.969998 0.661096 0.0474304 0.172373
4 0.00832444 0.172256 0.0166489 0.141736
4 0.438718 0.346965 0.0297053 0.143308
