14 0.410033 0.656561 0.164709 0.685561
14 0.098034 0.655389 0.176791 0.689223
14 0.262792 0.675715 0.163418 0.646097
14 0.83683 0.68046 0.227281 0.639081
14 0.684925 0.739663 0.212449 0.520673
14 0.596471 0.815564 0.254274 0.368872
14 0.558029 0.360282 0.17425 0.289266
14 0.695012 0.375507 0.122695 0.252521
14 0.873307 0.442492 0.158229 0.352728
14 0.87515 0.628361 0.158218 0.728005
14 0.0394306 0.659957 0.0771585 0.680087
14 0.578634 0.542944 0.187752 0.280466
14 0.0245818 0.657599 0.0475511 0.684802
