4 0.441359 0.198947 0.0854533 0.207214
4 0.701569 0.199502 0.0860199 0.20108
4 0.528823 0.19938 0.0854823 0.203929
4 0.192036 0.499472 0.0646316 0.123256
4 0.606396 0.675594 0.0799065 0.117193
4 0.786625 0.199734 0.0865736 0.202051
4 0.354203 0.194786 0.0813129 0.210116
4 0.613972 0.200285 0.0891427 0.204969
4 0.608612 0.496308 0.0855354 0.131817
4 0.762562 0.672699 0.0837717 0.120451
4 0.873454 0.200751 0.0859373 0.204748
4 0.772751 0.496762 0.088078 0.131512
4 0.692921 0.49471 0.0833985 0.128079
4 0.267523 0.200628 0.0896868 0.198714
4 0.684431 0.675187 0.0809822 0.120028
4 0.438642 0.493763 0.0796244 0.129798
