10 0.529249 0.81386 0.760772 0.372281
14 0.481563 0.537042 0.104138 0.232389
14 0.69097 0.571874 0.129356 0.263345
14 0.592532 0.554678 0.111047 0.223605
14 0.389741 0.537474 0.104176 0.223071
14 0.654198 0.418365 0.140786 0.240458
14 0.516507 0.391267 0.14657 0.289118
14 0.817272 0.468709 0.163913 0.361948
14 0.279474 0.570096 0.127036 0.287365
8 0.905561 0.794071 0.188601 0.355348
14 0.348215 0.394885 0.0972393 0.23006
14 0.425753 0.384628 0.0775244 0.248237
14 0.245698 0.324637 0.122491 0.214872
14 0.129651 0.399743 0.140697 0.231769
