8 0.0718063 0.466417 0.143613 0.482682
14 0.262745 0.604716 0.456448 0.785803
14 0.573988 0.10741 0.113086 0.164899
8 0.777254 0.268519 0.138897 0.146202
14 0.297671 0.10819 0.133907 0.174835
10 0.191583 0.368115 0.218582 0.280854
14 0.936457 0.14562 0.0784327 0.146767
14 0.339666 0.0616526 0.0553404 0.123305
8 0.882655 0.547678 0.196176 0.168243
8 0.158396 0.20854 0.0858244 0.110726
8 0.0605429 0.192114 0.0869071 0.125131
14 0.628648 0.590914 0.741911 0.818171
10 0.849365 0.51606 0.297778 0.389075
8 0.886337 0.600322 0.197666 0.27516
14 0.479092 0.151938 0.117498 0.191044
