16 0.379466 0.299552 0.182006 0.28662
16 0.736296 0.613496 0.526906 0.773009
16 0.229493 0.647219 0.457845 0.702624
16 0.441992 0.708701 0.500248 0.582597
16 0.739195 0.325997 0.218284 0.177501
16 0.482834 0.257377 0.113994 0.181695
16 0.976509 0.335836 0.0464283 0.131588
16 0.482034 0.295999 0.112005 0.264307
16 0.326494 0.726289 0.263774 0.546016
16 0.171344 0.386412 0.295178 0.213331
16 0.128254 0.282122 0.256509 0.154069
16 0.85237 0.319531 0.160909 0.17441
16 0.667942 0.201988 0.109298 0.128729
16 0.728926 0.276382 0.225751 0.284471
