8 0.645257 0.862635 0.31905 0.274715
8 0.707294 0.682195 0.0792145 0.17047
8 0.403951 0.882261 0.234877 0.235479
8 0.277931 0.664187 0.117337 0.167177
15 0.384611 0.514137 0.112459 0.147424
8 0.848416 0.759891 0.0741829 0.186213
8 0.799441 0.732052 0.0716693 0.222182
8 0.611933 0.767325 0.118104 0.193249
8 0.535275 0.652332 0.0657596 0.160578
8 0.797801 0.696438 0.0663693 0.153108
8 0.755096 0.591729 0.0510038 0.0644396
8 0.0601107 0.845144 0.120221 0.307122
8 0.865914 0.618654 0.110628 0.0847116
8 0.386493 0.84491 0.248871 0.310181
8 0.756924 0.688172 0.0502252 0.152279
8 0.255627 0.666614 0.0788282 0.172561
8 0.785727 0.59319 0.0518377 0.0673126
8 0.659115 0.618007 0.0520408 0.136112
10 0.52224 0.843991 0.272881 0.307737
8 0.588386 0.628853 0.0709396 0.100751
8 0.958817 0.688101 0.082365 0.206386
8 0.923369 0.764407 0.13084 0.196274
