12 0.444778 0.623307 0.72069 0.581031
14 0.820386 0.173613 0.1224 0.309191
14 0.325073 0.212435 0.127323 0.333289
14 0.752017 0.192839 0.102165 0.374122
14 0.773659 0.878779 0.180668 0.242442
14 0.666068 0.192151 0.0996292 0.342405
14 0.232075 0.197129 0.08847 0.394258
14 0.0292099 0.201652 0.0583418 0.368249
14 0.0511993 0.792768 0.10176 0.414463
14 0.548722 0.906642 0.167958 0.185157
14 0.652419 0.675475 0.145727 0.346546
14 0.186147 0.193854 0.0594333 0.387708
12 0.934347 0.19163 0.131306 0.375632
14 0.283966 0.192234 0.0594064 0.369558
14 0.283361 0.0758736 0.0638006 0.144251
