2 0.446657 0.874916 0.105713 0.145341
14 0.273198 0.342106 0.0957348 0.258054
14 0.541154 0.577503 0.266775 0.690143
14 0.061545 0.333431 0.0976924 0.265598
2 0.860685 0.85547 0.115899 0.157741
13 0.249662 0.733408 0.382197 0.431205
2 0.942277 0.860161 0.115446 0.146321
2 0.93083 0.712867 0.0868694 0.105385
2 0.645535 0.677427 0.0999611 0.102
2 0.0518524 0.812131 0.0520782 0.0898659
2 0.151626 0.883716 0.184633 0.140275
2 0.599348 0.79822 0.0710659 0.0954645
2 0.732796 0.883651 0.131765 0.136335
