13 0.4393 0.588801 0.523484 0.501954
13 0.260092 0.295432 0.178359 0.217633
14 0.512161 0.489181 0.374828 0.627603
14 0.787497 0.213708 0.0506814 0.287937
14 0.54252 0.16016 0.0877089 0.214239
13 0.928375 0.251787 0.141778 0.190787
14 0.830919 0.198134 0.0626959 0.308322
6 0.722674 0.139559 0.370678 0.20784
13 0.1404 0.328522 0.102109 0.212248
13 0.0199426 0.303049 0.0398852 0.221041
14 0.147887 0.247196 0.0951226 0.308967
13 0.0556118 0.312464 0.0782353 0.19366
14 0.430566 0.276644 0.0704943 0.202613
14 0.420886 0.262486 0.0541484 0.17375
14 0.480187 0.206975 0.0449625 0.0840081
6 0.479216 0.154011 0.541268 0.238328
