14 0.460338 0.797272 0.267551 0.404854
14 0.199094 0.869426 0.244216 0.261149
14 0.918286 0.832694 0.163428 0.334612
15 0.52351 0.411215 0.138751 0.0979736
4 0.760573 0.916935 0.0419508 0.159109
14 0.603351 0.749748 0.0831211 0.163341
14 0.945538 0.951673 0.108389 0.095752
15 0.192649 0.375704 0.186327 0.0951408
14 0.696775 0.791839 0.133194 0.174882
14 0.282336 0.713141 0.171591 0.358558
4 0.726176 0.893468 0.0307514 0.145914
8 0.0717773 0.722166 0.143555 0.254419
4 0.78682 0.905482 0.0266098 0.144712
4 0.722979 0.899253 0.0417309 0.142525
