8 0.922061 0.764917 0.0786678 0.157448
8 0.98317 0.735799 0.0335815 0.212916
8 0.598005 0.869545 0.121259 0.260909
8 0.589979 0.778812 0.0421775 0.200799
8 0.639206 0.867383 0.201592 0.265235
10 0.805642 0.900144 0.386979 0.199712
8 0.859194 0.712638 0.0696161 0.124145
8 0.845372 0.720122 0.0979601 0.142621
8 0.868619 0.710507 0.042804 0.129044
10 0.800499 0.860901 0.392524 0.278198
8 0.575959 0.868753 0.0800121 0.262495
8 0.678093 0.6939 0.0811406 0.114691
8 0.937431 0.660551 0.0510073 0.0892021
8 0.902895 0.766927 0.116784 0.159118
