8 0.161055 0.810222 0.32211 0.378166
8 0.905935 0.818036 0.18813 0.360981
14 0.513527 0.300444 0.130263 0.238322
14 0.745654 0.581989 0.508692 0.836023
14 0.162959 0.553129 0.325919 0.665398
10 0.451574 0.646643 0.686014 0.591558
4 0.395959 0.379679 0.0387005 0.164187
14 0.609716 0.304977 0.144135 0.288143
4 0.502383 0.465211 0.0489113 0.218024
14 0.730489 0.358485 0.241943 0.376441
14 0.220763 0.256173 0.156052 0.206441
4 0.302219 0.351715 0.0322856 0.163591
4 0.445672 0.443197 0.0473585 0.185937
8 0.427424 0.902578 0.178399 0.194367
