8 0.441957 0.648115 0.127162 0.217752
10 0.444295 0.860885 0.881096 0.275656
8 0.61463 0.624839 0.137201 0.259645
8 0.302901 0.659218 0.166739 0.203866
8 0.33457 0.489473 0.0839854 0.0547261
8 0.773781 0.597661 0.132851 0.297263
10 0.388786 0.617045 0.755624 0.268486
8 0.666848 0.467619 0.102979 0.0662219
8 0.548572 0.476718 0.0969105 0.0638234
8 0.909864 0.834263 0.180273 0.331475
8 0.186197 0.522063 0.0647707 0.0639812
8 0.551227 0.473997 0.0839463 0.0514187
8 0.435809 0.481026 0.0839932 0.0515779
