16 0.535156 0.724429 0.491747 0.319676
16 0.377052 0.595962 0.302321 0.252892
16 0.95346 0.581251 0.0930797 0.156977
16 0.605827 0.58269 0.189618 0.145126
16 0.164021 0.347377 0.158168 0.0733921
16 0.174356 0.590439 0.120494 0.118081
16 0.435472 0.285518 0.0887599 0.0636723
16 0.313764 0.314165 0.0957161 0.0561789
16 0.961122 0.457041 0.0777551 0.0830177
16 0.842458 0.207954 0.108637 0.0563264
16 0.683143 0.274599 0.0938678 0.0671259
16 0.661459 0.16128 0.0635113 0.0507649
16 0.0764889 0.136765 0.074019 0.0519695
16 0.0699774 0.558929 0.116103 0.102125
16 0.118499 0.576432 0.225816 0.148542
