6 0.487127 0.446472 0.772829 0.747527
14 0.758029 0.228205 0.0563922 0.157759
14 0.194839 0.239557 0.0318787 0.122805
14 0.842468 0.271087 0.0653076 0.251889
14 0.114571 0.240445 0.0364191 0.121219
14 0.0761394 0.237408 0.0343479 0.127185
14 0.142961 0.228938 0.0300367 0.111319
14 0.718832 0.21306 0.0408071 0.151299
14 0.896739 0.264963 0.0494629 0.231765
14 0.910661 0.26123 0.0610179 0.226266
14 0.168399 0.230743 0.0268918 0.104869
14 0.0132615 0.233056 0.0265231 0.111889
14 0.983042 0.299722 0.0339168 0.197368
14 0.885454 0.275428 0.0421124 0.228078
