14 0.176207 0.569973 0.118272 0.24667
8 0.515269 0.821312 0.109048 0.245459
14 0.0513857 0.627252 0.102771 0.223732
8 0.295469 0.830618 0.195679 0.338764
14 0.798853 0.638863 0.133799 0.440316
14 0.338037 0.64869 0.0965372 0.308742
14 0.252528 0.596728 0.0763448 0.147485
14 0.489897 0.533178 0.071382 0.206771
8 0.701843 0.820242 0.135693 0.245271
14 0.676353 0.728193 0.0853497 0.288219
14 0.651668 0.612268 0.0481165 0.114259
8 0.300228 0.885469 0.18553 0.229062
14 0.887473 0.487149 0.0549438 0.0934924
14 0.540183 0.541674 0.0528543 0.180588
