8 0.131526 0.809148 0.263053 0.380746
10 0.473943 0.741917 0.617494 0.50743
8 0.456457 0.769867 0.26034 0.455827
8 0.769848 0.600142 0.11951 0.354784
8 0.396123 0.771499 0.387071 0.457002
8 0.612326 0.719693 0.158543 0.406157
8 0.805593 0.565699 0.066358 0.291098
8 0.698182 0.654831 0.106355 0.349314
8 0.525013 0.461633 0.0665888 0.119174
8 0.604083 0.777019 0.167232 0.422755
8 0.761583 0.623628 0.0915589 0.340213
8 0.105295 0.580451 0.175481 0.183282
8 0.263494 0.543045 0.103602 0.163145
8 0.719143 0.45026 0.110057 0.0954447
8 0.457305 0.490935 0.104763 0.138915
