0 0.488656 0.399611 0.917346 0.505654
14 0.505801 0.928884 0.0230135 0.0626681
14 0.239592 0.933964 0.019798 0.0616056
14 0.811153 0.88787 0.0242242 0.0729252
14 0.704928 0.881262 0.0167645 0.0608735
14 0.563261 0.888614 0.0191986 0.0649549
14 0.522505 0.888451 0.0169937 0.0615982
14 0.917293 0.783984 0.0197392 0.0798251
14 0.833359 0.901427 0.0213253 0.0770914
14 0.861936 0.875421 0.0201725 0.0993672
14 0.541528 0.89263 0.0186805 0.0619292
14 0.689425 0.883261 0.0156107 0.0614184
14 0.58431 0.837602 0.0157183 0.0557311
14 0.320592 0.890892 0.0284327 0.0654191
14 0.77866 0.87004 0.0281881 0.0606722
14 0.888978 0.784679 0.0195538 0.0776763
14 0.990773 0.879055 0.0162863 0.0582386
14 0.366767 0.912956 0.0195884 0.0680168
0 0.257694 0.234556 0.215756 0.0881769
14 0.26279 0.932122 0.0202559 0.0582525
14 0.15351 0.783658 0.017768 0.045882
