3 0.395968 0.314337 0.0354132 0.0714433
3 0.510441 0.334827 0.0439917 0.0744548
3 0.5484 0.314802 0.0363037 0.0633949
3 0.460329 0.319323 0.0402899 0.0702589
3 0.68184 0.319931 0.0356591 0.0752644
3 0.228065 0.31572 0.0385524 0.0660061
3 0.897703 0.329918 0.0293667 0.0586752
3 0.484698 0.650982 0.109161 0.0719112
3 0.835217 0.318105 0.0327045 0.0699175
3 0.285809 0.316597 0.0413788 0.0665838
3 0.0198357 0.316985 0.0396713 0.0658635
3 0.591622 0.323411 0.0344288 0.0672678
3 0.180039 0.320582 0.0394505 0.0710203
3 0.709293 0.389555 0.0965212 0.0863384
