14 0.573987 0.706184 0.683602 0.587633
10 0.314661 0.721008 0.62317 0.542269
14 0.899057 0.588707 0.201267 0.482749
14 0.462638 0.35744 0.175738 0.126907
14 0.233196 0.355713 0.131699 0.181217
14 0.582436 0.402971 0.14153 0.121726
14 0.688283 0.374751 0.0946012 0.101235
14 0.326055 0.324466 0.0784333 0.10511
14 0.136837 0.523741 0.122872 0.193445
14 0.252638 0.458089 0.17604 0.155345
14 0.33902 0.403477 0.115728 0.0825178
14 0.080332 0.533339 0.160664 0.45097
14 0.0779476 0.646154 0.155895 0.68751
14 0.768401 0.446388 0.0921121 0.10649
