14 0.811895 0.652465 0.37621 0.684248
10 0.486904 0.629703 0.707008 0.739498
14 0.163526 0.702512 0.326602 0.594977
14 0.59004 0.162897 0.0932373 0.112559
14 0.785767 0.371996 0.177325 0.246523
14 0.716235 0.274543 0.108574 0.215282
4 0.533645 0.385005 0.0431897 0.199692
14 0.285473 0.257123 0.0761823 0.175235
14 0.398896 0.227088 0.0858956 0.137226
14 0.333944 0.409111 0.171292 0.328089
14 0.759904 0.311431 0.162009 0.223855
14 0.480795 0.204384 0.0885861 0.166413
14 0.423275 0.228907 0.131883 0.142222
14 0.23999 0.477857 0.205776 0.398148
14 0.734372 0.282328 0.140995 0.216375
14 0.49682 0.177444 0.0582998 0.120561
4 0.569346 0.369702 0.0342401 0.192459
