4 0.718633 0.189116 0.0905832 0.377998
4 0.460385 0.161687 0.070652 0.277028
4 0.537865 0.192095 0.0822956 0.378512
4 0.388478 0.157617 0.0699445 0.291142
4 0.635117 0.195543 0.0825356 0.379215
4 0.615295 0.446703 0.086034 0.336278
4 0.341048 0.665709 0.0963483 0.393152
4 0.503916 0.79078 0.082778 0.296624
4 0.811401 0.203144 0.0950516 0.399423
4 0.327393 0.188513 0.0592278 0.336999
4 0.410903 0.755174 0.0749547 0.273282
4 0.539375 0.44151 0.0765244 0.344637
4 0.233815 0.200561 0.0471808 0.326374
4 0.176874 0.626801 0.0819641 0.343493
4 0.278313 0.20159 0.0451458 0.341608
4 0.108365 0.613208 0.0686124 0.330126
4 0.307446 0.423244 0.0567181 0.286673
4 0.0977214 0.206519 0.0629733 0.302161
4 0.465468 0.687058 0.0838065 0.412527
14 0.912422 0.195325 0.175155 0.39065
4 0.152959 0.421147 0.0568766 0.276102
4 0.478135 0.425801 0.0635776 0.287261
4 0.053883 0.598962 0.0580721 0.315435
4 0.413233 0.45303 0.0722163 0.343835
4 0.255704 0.703406 0.0635698 0.231153
4 0.199944 0.414678 0.0470635 0.256955
4 0.0535059 0.199124 0.0417989 0.289454
4 0.188714 0.203229 0.0523316 0.344602
4 0.252207 0.427263 0.0616535 0.265379
4 0.0170883 0.591491 0.0341766 0.300132
4 0.256125 0.633403 0.0696778 0.373874
4 0.617388 0.742213 0.0944328 0.474812
4 0.194729 0.217588 0.0699157 0.372152
4 0.358433 0.422935 0.0473781 0.281543
4 0.145097 0.191452 0.0530553 0.355042
