10 0.488618 0.694731 0.97307 0.610539
8 0.064003 0.839463 0.128006 0.320319
14 0.162819 0.573449 0.325638 0.519408
8 0.944441 0.83875 0.111118 0.319904
14 0.503541 0.268303 0.132821 0.263309
14 0.878717 0.591556 0.241989 0.526704
14 0.70769 0.414601 0.28591 0.380981
14 0.219148 0.246465 0.0846981 0.248608
8 0.255437 0.515944 0.055781 0.132853
14 0.708041 0.343253 0.0999272 0.232861
15 0.649036 0.120085 0.119735 0.24017
8 0.650128 0.364588 0.0782825 0.149181
14 0.309468 0.370528 0.124265 0.199616
8 0.284081 0.479051 0.0514446 0.155513
14 0.274552 0.428464 0.202394 0.286317
4 0.632364 0.578795 0.0648176 0.155859
