14 0.673141 0.625664 0.0889793 0.314166
14 0.919053 0.64819 0.105447 0.247856
14 0.0911778 0.709895 0.17857 0.575653
14 0.481843 0.680348 0.152432 0.477953
14 0.388528 0.617279 0.0953997 0.346444
14 0.210246 0.546915 0.0322744 0.115706
11 0.801942 0.677642 0.110985 0.155177
12 0.036078 0.844788 0.0717329 0.310424
11 0.298059 0.690403 0.1414 0.183677
14 0.738818 0.531023 0.0296249 0.110898
14 0.540629 0.528966 0.034601 0.111928
12 0.261308 0.566392 0.0548739 0.091637
14 0.171606 0.534846 0.0384597 0.132127
