6 0.347226 0.424886 0.447105 0.330036
6 0.798668 0.357749 0.402137 0.277748
14 0.570724 0.303179 0.0624048 0.205105
14 0.513624 0.248513 0.0428392 0.074621
14 0.0923016 0.284065 0.0508326 0.0835798
14 0.884584 0.193642 0.0480068 0.0626812
14 0.622135 0.306408 0.0512482 0.194018
14 0.984102 0.185796 0.0317963 0.083713
14 0.0326992 0.357211 0.0585012 0.202849
14 0.47933 0.255045 0.0400518 0.0851856
14 0.427672 0.239151 0.0335248 0.041592
14 0.198772 0.269539 0.0520223 0.0962969
14 0.711737 0.233898 0.0418348 0.07848
14 0.949173 0.197363 0.030127 0.0430034
14 0.286505 0.283664 0.0843304 0.127196
14 0.926418 0.196752 0.0363127 0.0467297
14 0.0345708 0.293593 0.0559144 0.0836506
14 0.207572 0.272434 0.0651761 0.100966
14 0.456582 0.249056 0.0323421 0.0853803
6 0.714508 0.301641 0.171081 0.145225
14 0.358415 0.243948 0.0350564 0.0356932
