19 0.386506 0.383832 0.152645 0.155136
19 0.513557 0.339699 0.121833 0.131671
8 0.807983 0.412717 0.10043 0.171686
19 0.95413 0.264924 0.0864323 0.108456
19 0.811171 0.251889 0.0790282 0.0967966
19 0.675748 0.260336 0.0808466 0.115248
19 0.602055 0.310628 0.0660517 0.107061
19 0.143281 0.293041 0.105073 0.102977
8 0.549536 0.908613 0.30061 0.180956
19 0.210738 0.461146 0.203879 0.221867
19 0.44563 0.230621 0.060688 0.0818993
19 0.256916 0.273204 0.093582 0.0947282
8 0.758606 0.779848 0.26008 0.334379
19 0.365949 0.279388 0.0891451 0.0914351
19 0.243926 0.459032 0.137869 0.218647
19 0.562483 0.235233 0.075189 0.0714984
8 0.934819 0.466009 0.0886066 0.124167
8 0.643907 0.597708 0.154264 0.269719
19 0.354955 0.214027 0.050899 0.0603588
8 0.649754 0.56076 0.145291 0.232391
