14 0.272732 0.727613 0.438939 0.544773
14 0.720144 0.702461 0.340214 0.583587
8 0.583658 0.454257 0.0826378 0.234383
14 0.469975 0.202678 0.0853084 0.131186
8 0.448523 0.497416 0.107088 0.140927
8 0.0222366 0.581746 0.0444732 0.172159
14 0.662988 0.479103 0.142463 0.270488
14 0.0880343 0.824697 0.176069 0.350606
14 0.341577 0.687997 0.303887 0.624006
14 0.450509 0.42914 0.135798 0.24109
8 0.762184 0.412218 0.0433248 0.107746
14 0.670791 0.405745 0.0993618 0.125432
10 0.41325 0.775191 0.642991 0.439943
8 0.948639 0.477243 0.102622 0.217169
14 0.922934 0.786496 0.152886 0.427007
14 0.803011 0.783937 0.393977 0.431503
10 0.525195 0.778855 0.370162 0.437716
14 0.450789 0.389659 0.134243 0.205242
8 0.90344 0.452717 0.0684913 0.227894
8 0.950802 0.540982 0.0966629 0.10853
8 0.834225 0.589879 0.0587355 0.207288
