4 0.929479 0.626843 0.108357 0.406614
4 0.816194 0.58825 0.130394 0.47938
4 0.114558 0.636162 0.101415 0.373003
4 0.39288 0.605394 0.0902916 0.456887
4 0.232265 0.601107 0.0954823 0.465238
4 0.316628 0.623335 0.0750951 0.33809
4 0.714668 0.59976 0.0726519 0.389693
4 0.663181 0.585805 0.0941264 0.499436
4 0.522888 0.590391 0.0925281 0.518123
4 0.583238 0.596224 0.0612903 0.390846
14 0.384164 0.3798 0.106055 0.175577
4 0.0364654 0.635888 0.0729309 0.38475
4 0.457567 0.625949 0.0521883 0.336355
4 0.0196307 0.677012 0.0390727 0.476181
4 0.0285245 0.676914 0.0570489 0.459141
