2 0.741808 0.434125 0.0790411 0.0715367
2 0.72553 0.61443 0.199847 0.138209
2 0.205636 0.367931 0.0681662 0.0730235
2 0.342952 0.458301 0.0848109 0.135127
2 0.112957 0.724818 0.0401238 0.0868793
2 0.567594 0.533833 0.139712 0.129019
2 0.49004 0.53888 0.105793 0.140827
2 0.531659 0.235172 0.103598 0.110228
2 0.164072 0.31337 0.0673084 0.0487429
2 0.537064 0.537124 0.198807 0.138595
2 0.54745 0.502518 0.0871723 0.0611158
2 0.546977 0.516245 0.0940652 0.0910065
2 0.572652 0.414346 0.0279874 0.0588329
2 0.513191 0.266725 0.0627409 0.0444966
