8 0.8333 0.793789 0.276335 0.409743
10 0.514284 0.682039 0.498293 0.508804
14 0.510753 0.332037 0.109587 0.238593
14 0.643404 0.346714 0.160531 0.252668
14 0.274374 0.662197 0.359563 0.667946
14 0.784747 0.647251 0.327468 0.695808
8 0.537969 0.816628 0.195693 0.350885
8 0.204389 0.786552 0.233159 0.422295
8 0.0779251 0.472507 0.101266 0.252689
14 0.446316 0.308934 0.084425 0.264407
14 0.7791 0.39417 0.13014 0.266015
14 0.323758 0.369908 0.126562 0.24813
8 0.0191397 0.471612 0.0382795 0.272766
8 0.0402697 0.748603 0.0805394 0.417001
14 0.28932 0.420059 0.218166 0.320634
8 0.0907024 0.372644 0.0396323 0.115603
