9 0.357988 0.551795 0.467331 0.44021
14 0.171887 0.170691 0.116003 0.341381
14 0.280514 0.167407 0.108595 0.334815
14 0.919933 0.28041 0.0755806 0.346433
14 0.837457 0.274722 0.0764443 0.378149
14 0.622734 0.0759085 0.0530688 0.123497
14 0.682943 0.114527 0.0849147 0.15616
14 0.577638 0.0673903 0.0333208 0.119047
14 0.978585 0.254102 0.042762 0.354584
14 0.897668 0.197963 0.082625 0.357979
14 0.868543 0.0544561 0.0366779 0.0898837
14 0.89835 0.128797 0.0778072 0.225515
9 0.354642 0.304578 0.180653 0.125117
