14 0.856585 0.66924 0.0831591 0.322685
14 0.764267 0.663898 0.0744421 0.326025
14 0.916804 0.604555 0.056448 0.18346
14 0.492308 0.646536 0.0744904 0.226343
14 0.960973 0.622478 0.0631569 0.215602
14 0.712588 0.655819 0.0693164 0.305336
0 0.47013 0.464185 0.94026 0.546298
6 0.0999626 0.552606 0.199925 0.105051
14 0.722438 0.662788 0.0529369 0.314169
14 0.872154 0.534896 0.040513 0.0700125
14 0.53653 0.613418 0.0434805 0.151036
6 0.313656 0.566779 0.134536 0.053685
0 0.949828 0.496094 0.100018 0.0950807
14 0.713357 0.604572 0.0730687 0.196641
