4 0.187232 0.75618 0.0919158 0.396183
4 0.286538 0.770829 0.0935752 0.380312
4 0.489814 0.244358 0.0998066 0.429823
4 0.0863401 0.769063 0.0991801 0.390389
4 0.899754 0.24033 0.110097 0.41611
4 0.584858 0.733784 0.0921768 0.382058
4 0.888257 0.76615 0.103501 0.387809
4 0.787121 0.76009 0.0980884 0.390451
4 0.477781 0.767572 0.109115 0.381627
4 0.39282 0.238149 0.0964923 0.414922
4 0.591523 0.24616 0.101667 0.402764
4 0.685748 0.762283 0.0966639 0.399105
4 0.381585 0.761804 0.0808217 0.381148
4 0.703306 0.250743 0.129414 0.413467
4 0.295316 0.233551 0.108446 0.449454
4 0.809594 0.168897 0.109046 0.233466
4 0.806965 0.251227 0.112925 0.400331
4 0.191673 0.233121 0.112964 0.429028
14 0.0934059 0.24712 0.12432 0.47162
