6 0.49805 0.587783 0.995585 0.624567
14 0.221972 0.284363 0.0817213 0.250531
14 0.14396 0.412704 0.0785555 0.110806
14 0.900201 0.333512 0.0763529 0.196282
14 0.834004 0.341041 0.0696913 0.170985
14 0.756114 0.338169 0.110585 0.169471
14 0.104362 0.370723 0.0694818 0.190869
14 0.211566 0.393469 0.0617642 0.0763849
14 0.739612 0.253732 0.0875605 0.151471
14 0.596784 0.25679 0.0590434 0.0923049
14 0.307029 0.229914 0.0676845 0.131698
14 0.0163608 0.297283 0.0327217 0.199361
14 0.0290667 0.444448 0.0569764 0.187172
14 0.866866 0.246649 0.0595646 0.141854
14 0.741859 0.295615 0.0878788 0.236725
14 0.300711 0.323502 0.0558049 0.11998
14 0.470737 0.409104 0.0821445 0.106899
