6 0.777667 0.477817 0.209839 0.229078
6 0.451835 0.584879 0.310648 0.262063
6 0.660151 0.301948 0.145051 0.179635
6 0.283471 0.266208 0.152603 0.151513
6 0.934825 0.261584 0.130349 0.166912
6 0.717473 0.263978 0.12845 0.164678
6 0.393375 0.345838 0.171563 0.164917
6 0.547741 0.197051 0.169567 0.200351
6 0.829916 0.0439368 0.0899203 0.0876728
6 0.663101 0.0859114 0.0947048 0.100939
6 0.420133 0.0354843 0.0987946 0.0698137
6 0.920637 0.200248 0.141972 0.139799
6 0.143974 0.0505494 0.186927 0.0995388
6 0.975392 0.157737 0.0492159 0.206392
6 0.133385 0.0764711 0.0696872 0.11279
6 0.17206 0.0456774 0.13231 0.0897942
6 0.0954135 0.0557497 0.0956039 0.107295
6 0.417825 0.469916 0.211449 0.160241
