14 0.826617 0.51817 0.180898 0.633666
14 0.633513 0.818926 0.192133 0.224606
8 0.665417 0.946593 0.257058 0.106814
14 0.40405 0.837578 0.246067 0.208743
8 0.105676 0.944046 0.211353 0.111909
8 0.341481 0.952497 0.268036 0.0950056
14 0.0692568 0.443612 0.0601959 0.0828663
14 0.481936 0.59795 0.0981127 0.148285
14 0.189372 0.46381 0.0561949 0.14222
14 0.127044 0.484195 0.0517648 0.183921
14 0.349786 0.561565 0.14797 0.306312
14 0.0253122 0.70921 0.0506245 0.192868
14 0.0637617 0.543141 0.12635 0.253019
14 0.496625 0.439239 0.0529995 0.126655
14 0.126478 0.438093 0.0475904 0.0908824
8 0.510163 0.946796 0.0993592 0.106097
14 0.482653 0.635451 0.0984661 0.219814
14 0.125609 0.459191 0.0498828 0.134793
