6 0.918063 0.702436 0.127643 0.121241
6 0.455491 0.820647 0.139599 0.138412
6 0.651039 0.699469 0.111473 0.117152
6 0.739785 0.79765 0.130058 0.128612
6 0.454265 0.714264 0.123342 0.104077
6 0.45331 0.94368 0.153443 0.11264
6 0.736078 0.418558 0.0712971 0.064526
6 0.773323 0.925535 0.160455 0.14893
6 0.415023 0.64171 0.096142 0.0996179
6 0.693083 0.389005 0.0668988 0.0682686
6 0.363713 0.585276 0.0961161 0.0897878
6 0.824042 0.43956 0.0811798 0.0699956
6 0.648973 0.343996 0.093117 0.103009
6 0.173314 0.813639 0.150823 0.177569
6 0.410662 0.516029 0.0823381 0.0782776
6 0.204389 0.812923 0.215209 0.181861
