14 0.0442459 0.866187 0.0884919 0.267627
14 0.224592 0.625825 0.0712337 0.26425
14 0.308357 0.624047 0.0671533 0.271731
14 0.168258 0.628803 0.0475105 0.266955
14 0.376969 0.615042 0.0951367 0.239552
14 0.0442672 0.645504 0.0885343 0.387408
6 0.56262 0.850114 0.871697 0.298296
14 0.929278 0.643986 0.0697563 0.130797
14 0.430332 0.596543 0.0554676 0.144012
14 0.97385 0.65227 0.0515427 0.181289
14 0.923076 0.687293 0.0463411 0.0798457
14 0.853672 0.599727 0.0508979 0.115805
14 0.775012 0.580009 0.0562092 0.0863206
14 0.973379 0.621605 0.0512692 0.120013
