6 0.363677 0.587816 0.727354 0.646882
14 0.64495 0.393223 0.0909584 0.226677
14 0.547274 0.375008 0.0870583 0.180815
14 0.711091 0.444701 0.0742464 0.384724
14 0.516423 0.329623 0.0764625 0.273104
14 0.942577 0.320629 0.0617952 0.172788
6 0.848605 0.343783 0.142038 0.0923507
14 0.6454 0.264188 0.0983607 0.147095
14 0.94049 0.484796 0.0941631 0.214921
14 0.978811 0.310848 0.0422584 0.173364
14 0.0408988 0.452577 0.0816903 0.189898
14 0.369742 0.432017 0.0634602 0.0662068
14 0.580861 0.259603 0.0548066 0.121337
14 0.953599 0.50079 0.0679436 0.177128
14 0.0654538 0.448214 0.130908 0.184897
