16 0.600316 0.717069 0.428769 0.565862
16 0.0304688 0.342403 0.0609037 0.231114
16 0.0422731 0.261733 0.0845462 0.189926
16 0.484376 0.461658 0.424992 0.381614
16 0.871894 0.216277 0.120449 0.0799883
16 0.0394162 0.153706 0.0788324 0.0498051
16 0.967632 0.161444 0.0634575 0.0475243
16 0.489673 0.560112 0.4217 0.577782
16 0.255089 0.191681 0.0398419 0.0633689
16 0.0396664 0.142943 0.0793327 0.0746215
16 0.340757 0.183426 0.0763917 0.111633
16 0.876509 0.163204 0.0315135 0.0449213
16 0.312552 0.193574 0.133154 0.135363
16 0.229145 0.162776 0.0287312 0.0550379
