6 0.497941 0.547968 0.992342 0.808059
14 0.155672 0.136545 0.103622 0.160677
14 0.915631 0.224871 0.0668076 0.230759
14 0.0883367 0.15503 0.0925475 0.131913
14 0.243971 0.144213 0.0735684 0.134347
14 0.299786 0.148147 0.0634632 0.126751
14 0.971665 0.244534 0.0566698 0.35793
14 0.770439 0.117944 0.0633152 0.0867957
14 0.351573 0.133596 0.0502071 0.0788579
14 0.419499 0.139222 0.0585615 0.0641315
14 0.706919 0.120239 0.033824 0.0567451
14 0.733674 0.121065 0.0280937 0.0499948
14 0.0218073 0.134768 0.0435542 0.187421
6 0.843678 0.134436 0.128599 0.0754766
