14 0.803018 0.667112 0.390181 0.665776
14 0.140942 0.705475 0.281883 0.586727
10 0.378835 0.695148 0.56027 0.60765
14 0.474332 0.359313 0.101948 0.18502
14 0.269611 0.375748 0.517563 0.669073
14 0.85332 0.165244 0.0698559 0.0881407
14 0.527006 0.313023 0.0683283 0.117035
14 0.672895 0.410045 0.132988 0.224898
14 0.416225 0.371448 0.0821884 0.190781
14 0.912506 0.172036 0.0642597 0.08031
14 0.911352 0.333869 0.110689 0.129688
14 0.366381 0.38578 0.0633351 0.123445
14 0.957036 0.469832 0.0856609 0.353205
14 0.634531 0.349617 0.0654972 0.148835
14 0.33588 0.578508 0.212825 0.242361
15 0.201529 0.118331 0.176868 0.230607
