8 0.681121 0.633374 0.224193 0.377568
8 0.413168 0.640334 0.222623 0.416802
14 0.690219 0.460929 0.144712 0.283454
14 0.272907 0.525758 0.131929 0.440002
10 0.571335 0.594408 0.245321 0.348773
15 0.553907 0.304669 0.167975 0.258191
14 0.449906 0.492161 0.140966 0.377434
14 0.371244 0.373635 0.0763237 0.131948
8 0.251026 0.590122 0.133674 0.370927
8 0.872195 0.569399 0.107001 0.315192
8 0.806756 0.595003 0.127428 0.33869
15 0.0937472 0.411237 0.187494 0.632504
15 0.213876 0.259943 0.0778356 0.108562
