6 0.33949 0.648377 0.215916 0.208558
14 0.914333 0.634458 0.0696155 0.318428
14 0.817004 0.601097 0.0665725 0.32798
14 0.12501 0.690768 0.249094 0.618464
14 0.673392 0.589064 0.101538 0.277219
14 0.467824 0.585636 0.0454379 0.179188
14 0.566585 0.588506 0.0660511 0.219393
14 0.975563 0.637545 0.0488376 0.332625
14 0.504149 0.585938 0.0368727 0.204013
14 0.612393 0.609157 0.0686434 0.226045
14 0.701392 0.283117 0.0544157 0.146001
14 0.750704 0.597498 0.0570864 0.300852
14 0.622742 0.60917 0.0476778 0.218606
14 0.762509 0.601178 0.0695196 0.310025
14 0.746654 0.275916 0.0407486 0.170267
14 0.795513 0.216664 0.0429752 0.0840274
