14 0.247912 0.699412 0.474836 0.601175
14 0.722195 0.524118 0.178494 0.254897
14 0.511653 0.483052 0.176475 0.229792
14 0.256958 0.356698 0.135973 0.217367
4 0.856079 0.708487 0.0449977 0.185459
14 0.289416 0.471368 0.149418 0.201172
4 0.682128 0.773091 0.0510808 0.215
14 0.954406 0.584564 0.0908198 0.325692
10 0.594315 0.770861 0.81137 0.458278
15 0.166296 0.0817061 0.0966765 0.137778
4 0.488674 0.545661 0.0299867 0.116029
8 0.0861251 0.791225 0.17225 0.415944
8 0.150284 0.812528 0.300569 0.372288
15 0.301562 0.0973765 0.142524 0.120956
14 0.75641 0.352721 0.0720937 0.190841
