8 0.881679 0.591059 0.159626 0.298334
8 0.457746 0.72684 0.174777 0.408966
8 0.74501 0.591101 0.114957 0.283937
8 0.224012 0.802053 0.19425 0.384729
8 0.619042 0.563742 0.124499 0.264552
8 0.0853585 0.7793 0.164686 0.353308
14 0.649704 0.489011 0.104178 0.315479
10 0.276972 0.667442 0.321687 0.407754
14 0.257834 0.454506 0.0794282 0.1468
14 0.156654 0.491547 0.0855425 0.15604
14 0.753312 0.364125 0.0803166 0.113028
14 0.0816698 0.610527 0.151382 0.404057
14 0.436773 0.558096 0.152538 0.333269
14 0.50268 0.43862 0.0621319 0.186037
14 0.353912 0.376508 0.0518273 0.0844214
14 0.304664 0.378563 0.046378 0.0866879
14 0.681736 0.364504 0.0573002 0.10788
14 0.587345 0.38514 0.0598936 0.125493
14 0.832979 0.365863 0.0563282 0.107974
14 0.858209 0.512027 0.138637 0.360322
14 0.276306 0.391409 0.0432691 0.099064
14 0.418682 0.376159 0.0555275 0.0807229
10 0.763695 0.546134 0.227646 0.313127
